No special after-tax income
SSAnalyze-r65-f70.csv
Noga retires at age 65 in 2022
Annual investment income rate 0.0200
Year      Exp   Taxes Tot Out     SSA     MRD    Work  Liquid  Assets  Wells F  College  Trading  eBay st  eBay 40 Securion     TIAA  IRA M A  Roth M   Intel s  Intel 4  IRA N AIRA N UBS
  -1        0       0       0       0       0       0       0  590631       40      144       52       43       73      135       66        6       16        2        4        2        8
2016    90600   27113  117713       0    7453  101000       0  601170       31      147       53       44       74      132       64        6       16        6        8        6       12
2017    90600   27331  117931       0    7325  102000       0  613028       22      150       54       45       76      130       63        7       16       10       12       11       17
2018   121200   29728  150928    6652   10256  103000    8700  600092        0      144       55       46       74      128       62        6       17       15       16       15       21
2019   121200   37088  158288   39916   10422  104000    3950  614362        0      143       56       47       73      125       61        6       17       19       21       19       26
2020   121200   37379  158579   39916   10589  105000    3075  629786        0      143       57       48       72      123       60        6       17       24       25       24       30
2021   121200   37671  158871   39916   10757  106000    2199  646386        0      144       59       49       70      120       59        6       18       28       30       29       35
2022    90000   42519  132519   39916   10926  107000       0  690831       25      146       60       50       68      118       57        6       18       33       35       34       40
2023    90000   11256  101256   39916   11096       0   24871  642852        0      125       61       51       67      115       56        6       19       34       36       34       41
2024    78000   11299   89299   39916   11266       0   38117  606326        0       89       62       52       65      112       54        6       19       35       37       35       42
2025    78000   11328   89328   39916   11383       0   38029  569041        0       53       63       53       63      109       53        5       19       35       37       36       43
2026    78000   11370   89370   39916   11553       0   37901  530967        0       16       65       54       61      105       51        5       20       36       38       36       43
2027    72000   14780   86780   50668   16050       0   36162  505475       16        0       46       55       59      102       50        5       20       37       37       36       43
2028    72000   19393   91393   72172   16227       0       0  496073       13        0       47       56       57       98       48        5       20       37       37       35       42
2029    72000   19437   91437   72172   16400       0       0  486494       10        0       48       57       55       95       46        5       21       38       36       34       41
2030    72000   19478   91478   72172   16568       0       0  476732        8        0       49       58       53       91       44        5       21       39       35       34       40
2031    66000   19519   85519   72172   16729       0       0  472783       11        0       50       60       51       87       42        4       22       40       34       33       39
2032    66000   19558   85558   72172   16885       0       0  468655       15        0       51       61       48       83       40        4       22       40       34       32       38
2033    66000   19574   85574   72172   16949       0       0  464365       18        0       52       62       46       79       38        4       23       41       33       31       37
2034    66000   18439   84439   66796   16979       0       0  455684       17        0       53       63       44       75       36        4       23       42       32       30       36
2035    66000   11710   77710   39916   12913       0    7397  426690        0        0       46       65       42       73       35        4       24       43       31       29       35
2036    66000   11741   77741   39916   13036       0   24789  397398        0        0       23       66       41       70       34        4       24       44       30       29       34
2037    66000   11771   77771   39916   13154       0   47722  367492       23        0        0       42       39       68       33        3       24       45       29       28       33
2038    66000   11799   77799   39916   13268       0    1547  336544        0        0        0       42       38       65       32        3       25       46       28       27       32
2039    66000   11826   77826   39916   13375       0   24535  305365        0        0        0       18       36       63       31        3       25       46       27       25       30
2040    46200   11851   58051   39916   13475       0    4660  293337        0        0        0       14       35       60       29        3       26       47       25       24       29
2041    46200   11874   58074   39916   13567       0    4591  281046        0        0        0        9       33       57       28        3       27       48       24       23       28
2042    46200   11872   58072   39916   13558       0    4598  268512        0        0        0        5       32       55       27        3       27       49       23       22       26
2043    46200   11866   58066   39916   13535       0    4615  255732        0        0        0        1       30       52       25        3       28       50       22       21       25
2044    46200   11856   58056   39916   13496       0    5180  242707        1        0        0        0       24       49       24        2       28       51       21       20       24
2045    46200   11749   57949   39916   13068       0    4428  229518        0        0        0        0       18       46       22        2       29       52       19       19       22
2046    46200   11637   57837   39916   12620       0    5301  216187        0        0        0        0       11       43       21        2       29       53       18       17       21
