No special after-tax income
SSAnalyze-r62-f70.csv
Noga retires at age 62 in 2019
Annual investment income rate 0.0400
Year      Exp   Taxes Tot Out     SSA     MRD    Work  Liquid  Assets  Wells F  College  Trading  eBay st  eBay 40 Securion     TIAA  IRA M A  Roth M   Intel s  Intel 4  IRA N AIRA N UBS
  -1        0       0       0       0       0       0       0  590631       40      144       52       43       73      135       66        6       16        2        4        2        8
2016    90600   27150  117750       0    7599  101000       0  612146       31      150       54       45       76      135       66        6       16        6        8        7       12
2017    90600   27404  118004       0    7615  102000       0  635773       23      156       56       47       79      135       66        7       17       10       12       11       17
2018   121200   29881  151081    6652   10871  103000    7910  635396        0      154       59       49       79      135       66        7       18       15       17       15       22
2019   121200   37298  158498   39916   11263  104000    3319  662870        0      157       61       51       79      136       66        7       19       20       22       20       27
2020   133200   11399  144599   39916   11668       0   93015  584701        0       70       63       53       79      135       66        7       19       21       23       21       28
2021   133200   11504  144704   39916   12086       0  138936  503302       46        0        0       55       79      135       66        7       20       21       23       22       29
2022    90000   11611  101611   39916   12516       0    2852  459982        0        0        0       54       78      135       66        7       21       22       24       23       30
2023    90000   11722  101722   39916   12960       0   48846  416575        0        0        0        8       78      134       65        7       22       23       25       24       31
2024    78000   11837   89837   39916   13417       0   44452  383317        8        0        0        0       41      133       65        7       23       24       26       25       33
2025    78000   11490   89490   39916   12032       0   29578  348774        0        0        0        0       11      132       64        7       23       25       27       26       34
2026    78000   11216   89216   39916   10936       0   49139  313424       11        0        0        0        0       92       63        7       24       26       29       27       35
2027    72000   13783   85783   50668   12066       0   12253  290437        0        0        0        0        0       78       63        6       25       27       29       27       35
2028    72000   18276   90276   72172   11757       0    6347  283950        0        0        0        0        0       71       62        6       26       28       29       27       35
2029    72000   18274   90274   72172   11749       0    6353  277206        0        0        0        0        0       63       61        6       27       29       29       27       35
2030    72000   18266   90266   72172   11719       0    6375  270200        0        0        0        0        0       56       59        6       29       30       29       27       35
2031    66000   18252   84252   72172   11663       0     417  268928        0        0        0        0        0       54       58        6       30       32       28       26       35
2032    66000   18332   84332   72172   11981       0     179  267525        0        0        0        0        0       52       56        6       31       33       28       26       35
2033    66000   18402   84402   72172   12262       0       0  265996        0        0        0        0        0       51       55        6       32       34       28       26       35
2034    66000   17327   83327   66796   12533       0    3967  260104        0        0        0        0        0       45       53        5       33       36       28       26       34
2035    66000   10931   76931   39916    9794       0   27221  233493        0        0        0        0        0       17       52        5       35       37       28       26       34
2036    66000   10640   76640   39916    8630       0   45085  206109       17        0        0        0        0        0       23        5       36       38       27       25       34
2037    66000   10075   76075   39916    6371       0   12762  177549        0        0        0        0        0        0       10        5       38       40       27       25       33
2038    66000    9935   75935   39916    5811       0   45349  148632       15        0        0        0        0        0        0        0        9       42       26       24       32
2039    66000    9745   75745   39916    5052       0   24798  118173        9        0        0        0        0        0        0        0        0       28       26       24       32
2040    46200    9779   55979   39916    5189       0    1664  106487        0        0        0        0        0        0        0        0        0       27       25       23       31
2041    46200    9814   56014   39916    5327       0   10771   94649        0        0        0        0        0        0        0        0        0       17       24       23       30
2042    46200    9839   56039   39916    5428       0   10695   82312        0        0        0        0        0        0        0        0        0        7       24       22       29
2043    46200    9863   56063   39916    5525       0   18325   69457        8        0        0        0        0        0        0        0        0        0       12       21       28
2044    46200    9680   55880   39916    4793       0    3453   55978        0        0        0        0        0        0        0        0        0        0        8       20       27
2045    46200    9628   55828   39916    4584       0   19301   42305        8        0        0        0        0        0        0        0        0        0        0        8       26
2046    46200    9226   55426   39916    2975       0    4545   28184        0        0        0        0        0        0        0        0        0        0        0        3       25
