No special after-tax income
SSAnalyze-r62-f70.csv
Noga retires at age 62 in 2019
Annual investment income rate 0.0200
Year      Exp   Taxes Tot Out     SSA     MRD    Work  Liquid  Assets  Wells F  College  Trading  eBay st  eBay 40 Securion     TIAA  IRA M A  Roth M   Intel s  Intel 4  IRA N AIRA N UBS
  -1        0       0       0       0       0       0       0  590631       40      144       52       43       73      135       66        6       16        2        4        2        8
2016    90600   27113  117713       0    7453  101000       0  601170       31      147       53       44       74      132       64        6       16        6        8        6       12
2017    90600   27331  117931       0    7325  102000       0  613028       22      150       54       45       76      130       63        7       16       10       12       11       17
2018   121200   29728  150928    6652   10256  103000    8700  600092        0      144       55       46       74      128       62        6       17       15       16       15       21
2019   121200   37088  158288   39916   10422  104000    3950  614362        0      143       56       47       73      125       61        6       17       19       21       19       26
2020   133200   11129  144329   39916   10589       0   93825  522236        0       52       57       48       72      123       60        6       17       19       21       20       26
2021   133200   11171  144371   39916   10757       0  111825  428225       18        0        0       49       70      120       59        6       18       20       22       20       27
2022    90000   11214  101214   39916   10926       0   32210  375166        0        0        0       18       68      118       57        6       18       20       22       21       27
2023    90000   11256  101256   39916   11096       0   68291  321329       18        0        0        0       16      115       56        6       19       21       23       21       28
2024    78000   10716   88716   39916    8936       0   37807  278631       16        0        0        0        0       90       54        6       19       21       23       21       28
2025    78000   10285   88285   39916    7210       0   25100  235546        0        0        0        0        0       62       53        5       19       21       23       22       29
2026    78000    9996   87996   39916    6057       0   42023  192177        0        0        0        0        0       18       51        5       20       22       24       22       29
2027    72000   12451   84451   50668    6735       0   44821  162238       18        0        0        0        0        0       23        5       20       22       24       22       29
2028    72000   16429   88429   72172    4371       0       0  148905        6        0        0        0        0        0       22        5       20       23       23       22       28
2029    72000   16444   88444   72172    4430       0    5908  135505        0        0        0        0        0        0       15        5       21       23       23       21       28
2030    72000   16371   88371   72172    4136       0   12062  122016        0        0        0        0        0        0        2        5       21       24       22       21       27
2031    66000   16196   82196   72172    3437       0    6645  114433        0        0        0        0        0        0        0        0       22       24       22       20       27
2032    66000   16099   82099   72172    3049       0    6820  106793        0        0        0        0        0        0        0        0       15       25       21       20       26
2033    66000   16111   82111   72172    3096       0    6843   98991        0        0        0        0        0        0        0        0        9       25       21       19       25
2034    66000   14976   80976   66796    3128       0   11052   86790        0        0        0        0        0        0        0        0        0       24       20       19       25
2035    66000    9276   75276   39916    3175       0   43466   53166       11        0        0        0        0        0        0        0        0        0        0       18       24
2036    66000    9030   75030   39916    2191       0   39131   18913       18        0        0        0        0        0        0        0        0        0        0        0        1
Gone broke!, short     16962
