No special after-tax income
SSAnalyze-r62-f70.csv
Noga retires at age 62 in 2019
Annual investment income rate 0.0300
Year      Exp   Taxes Tot Out     SSA     MRD    Work  Liquid  Assets  Wells F  College  Trading  eBay st  eBay 40 Securion     TIAA  IRA M A  Roth M   Intel s  Intel 4  IRA N AIRA N UBS
  -1        0       0       0       0       0       0       0  590631       40      144       52       43       73      135       66        6       16        2        4        2        8
2016    90600   27132  117732       0    7526  101000       0  606658       31      148       54       45       75      134       65        6       16        6        8        6       12
2017    90600   27367  117967       0    7469  102000       0  624346       22      153       55       46       77      133       65        7       17       10       12       11       17
2018   121200   29804  151004    6652   10561  103000    8308  617577        0      149       57       47       77      132       64        7       17       15       17       15       21
2019   121200   37191  158391   39916   10836  104000    3639  638269        0      150       59       49       76      130       64        7       18       19       21       20       26
2020   133200   11262  144462   39916   11118       0   93428  552871        0       61       60       50       75      129       63        6       18       20       22       20       27
2021   133200   11333  144533   39916   11405       0  125013  464840       32        0        0       52       74      128       62        6       19       21       23       21       28
2022    90000   11407  101407   39916   11698       0   17928  416404        0        0        0       36       73      126       61        6       19       21       23       22       29
2023    90000   11481  101481   39916   11996       0   86135  367331       37        0        0        0       23      124       60        6       20       22       24       22       29
2024    78000   10977   88977   39916    9979       0    2442  328266        0        0        0        0       20      122       59        6       21       22       25       23       30
2025    78000   10998   88998   39916   10063       0   58381  289032       19        0        0        0        0       81       58        6       21       23       25       24       31
2026    78000   10320   88320   39916    7352       0   21652  248757        0        0        0        0        0       57       57        6       22       24       26       24       32
2027    72000   13132   85132   50668    9461       0   25003  221755        0        0        0        0        0       31       56        6       23       25       26       24       32
2028    72000   17408   89408   72172    8286       0    8950  211172        0        0        0        0        0       21       54        6       23       25       26       24       32
2029    72000   17323   89323   72172    7948       0    9204  200356        0        0        0        0        0       11       53        5       24       26       25       24       31
2030    72000   17227   89227   72172    7562       0    9493  189312        0        0        0        0        0        2       51        5       25       27       25       23       31
2031    66000   17117   83117   72172    7121       0    5422  184046        2        0        0        0        0        0       46        5       25       28       25       23       31
2032    66000   17064   83064   72172    6910       0    2381  178631        0        0        0        0        0        0       42        5       26       28       24       23       30
2033    66000   17053   83053   72172    6865       0    4016  173109        0        0        0        0        0        0       36        5       27       29       24       22       30
2034    66000   15862   81862   66796    6671       0    8395  163236        0        0        0        0        0        0       26        5       28       30       24       22       29
2035    66000    9817   75817   39916    5340       0   58558  132232       28        0        0        0        0        0        0        0        0       31       23       22       28
2036    66000    9448   75448   39916    3862       0    3618   99884        0        0        0        0        0        0        0        0        0       28       23       21       28
2037    66000    9466   75466   39916    3935       0   51315   67330       20        0        0        0        0        0        0        0        0        0        0       21       27
2038    66000    9167   75167   39916    2741       0   12771   33547        0        0        0        0        0        0        0        0        0        0        0        7       26
Gone broke!, short     33051
