No special after-tax income
SSAnalyze-r62-f70.csv
Noga retires at age 62 in 2019
Annual investment income rate 0.0100
Year      Exp   Taxes Tot Out     SSA     MRD    Work  Liquid  Assets
  -1        0       0       0       0       0       0       0  590631
2016    90600   27095  117695       0    7380  101000       0  595682
2017    90600   27295  117895       0    7182  102000       0  601817
2018   121200   29653  150853    6652    9957  103000    9086  582938
2019   121200   36987  158187   39916   10019  104000    4252  591136
2020   133200   11002  144202   39916   10080       0   94206  492762
2021   133200   11017  144217   39916   10139       0   99342  393388
2022    90000   11032  101032   39916   10198       0   45727  336165
2023    90000   11046  101046   39916   10255       0   51733  278397
2024    78000   10476   88476   39916    7974       0   50112  232614
2025    78000    9880   87880   39916    5591       0   31966  186894
2026    78000    9489   87489   39916    4028       0   70588  141189
2027    72000   11498   83498   50668    2923       0    5148  109555
2028    72000   16002   88002   72172    2660       0   12465   94802
2029    72000   15982   87982   72172    2583       0   11585   79927
2030    72000   15986   87986   72172    2599       0   13216   64912
2031    66000   15990   81990   72172    2614       0   10562   55743
2032    66000   15914   81914   72172    2310       0    4067   46532
2033    66000   15871   81871   72172    2136       0   14510   37298
2034    66000   14556   80556   66796    1446       0    5352   23856
Gone broke!, short     33676
