SSAnalyze-r60-f70.csv
Noga retires at age 60 in 2017
Annual investment income rate 0.0400
Year     Work     SSA     MRD   TaxesExpenses  Liquid  Assets  Wells F  College  Trading  eBay st  eBay 40  Intel s  Intel 4 Securion     TIAA  IRA M A  IRA N AIRA N UBS  Roth M 
2015   100000       0    7599   26920  117520       0  600297     3240   149844    54125    45181    75601    10080    11807   134929    65694     6498    10470    16352    16476
2016   101000       0    7615   27155  117755   33050  612595        0   122788    56290    46988    78625    18563    20360   135205    65828     6758    18969    25086    17135
2017   102000       0    7630   27408  118008   35785  626323        0    91915    58541    48867    81770    27466    29334   135481    65963     7028    27888    34250    17820
2018        0    6209   11016    4074  125274       0  828238   187878    95592    60883    50822    81937    28564    30507   135758    66098     7043    29003    35620    18533
2019        0   37255   11414   10864  132064       0  748555    93995    99415    63318    52855    81999    29707    31728   135861    66147     7048    30163    37045    19274
2020        0   37255   11824   10920  132120       0  669141      223   103392    65851    54969    81947    30895    32997   135776    66106     7043    31370    38526    20045
2021        0   37255   12247   10979  132179   93432  589996        0    14096    68485    57168    81775    32131    34317   135490    65967     7029    32624    40067    20847
2022        0   37255   12684   11088  101088   76896  538676    14660        0     8988    59455    81473    33416    35689   134989    65723     7003    33929    41670    21681
2023        0   37255   13133   11207  101207   56685  484506     9347        0        0    14495    81031    34753    37117   134258    65367     6965    35287    43337    22548
2024        0   37255   13597   11321   89321   55499  440145    15075        0        0        0    40019    36143    38602   133282    64892     6914    36698    45070    23450
2025        0   37255   12024   10930   88930   35476  394572        0        0        0        0     4180    37589    40146   132074    64304     6851    38166    46873    24388
2026        0   37255   10626   10573   88573   84977  348464    33712        0        0        0        0        0        0   130591    63582     6774    39693    48748    25364
2027        0   48007   14074   13737   85737    3613  309654        0        0        0        0        0        0        0   125237    62734     6684    39774    48848    26378
2028        0   69511   14304   18347   90347   24879  282858        0        0        0        0        0        0        0    98402    61755     6580    39804    48885    27433
2029        0   69511   13290   18094   90094   25386  255496        0        0        0        0        0        0        0    71235    60637     6461    39779    48854    28531
2030        0   69511   12145   17807   89807   25959  227612        0        0        0        0        0        0        0    43793    59374     6326    39695    48751    29672
2031        0   69511   10851   17484   83484   20606  205259        0        0        0        0        0        0        0    22145    57961     6176    39548    48571    30859
2032        0   69511    9791   17219   83219   21136  182543        0        0        0        0        0        0        0      409    56390     6008    39334    48308    32093
2033        0   69511    8557   16910   82910   22150  159535      397        0        0        0        0        0        0        0    32931     5826    39048    47957    33377
2034        0   69511    7127   16553   82553   22071  136307        0        0        0        0        0        0        0        0     9748     5630    38695    47522    34712
2035        0   69511    5611   16174   82174   38026  112923    14800        0        0        0        0        0        0        0        0        0    15034    46989    36100
2036        0   69511    3308   15605   81605    9563   89177        0        0        0        0        0        0        0        0        0        0     5271    46362    37544
2037        0   69511    2872   15489   81489   29784   65277     5189        0        0        0        0        0        0        0        0        0        0    21043    39046
2038        0   69511    1223   15079   81079   20226   41044        0        0        0        0        0        0        0        0        0        0        0      436    40608
2039        0   69511      26   14778   80778   26445   16641      427        0        0        0        0        0        0        0        0        0        0        0    16214
2040        0   69511       0   14771   60971    5804   11059        0        0        0        0        0        0        0        0        0        0        0        0    11059
2041        0   69511       0   14771   60971    6231    5270        0        0        0        0        0        0        0        0        0        0        0        0     5270
Gone broke!, short      6231
