SSAnalyze-r62-f70.csv
Noga retires at age 62 in 2019
Annual investment income rate 0.0200
Year     Work     SSA     MRD   TaxesExpenses  Liquid  Assets  Wells F  College  Trading  eBay st  eBay 40  Intel s  Intel 4 Securion     TIAA  IRA M A  IRA N AIRA N UBS  Roth M 
2015   100000       0    7453   26883  117483       0  573092     3167   146963    52747    44416    74300     6040     7734   132334    64431     6367     6419    12192    15982
2016   100000       0    7325   26833  117433   33768  556231        0   116134    53802    45304    75786    10161    11889   130055    63321     6494    10548    16435    16302
2017   100000       0    7199   26800  117400   37001  539156        0    81456    54878    46210    77302    14364    16127   127814    62230     6624    14759    20764    16628
2018   100000    6209   10199   28869  150069   62530  493210        0    20555    55976    47135    75970    18651    20449   125613    61158     6510    19054    25179    16961
2019   100000   37255   10364   35508  156708       0  764114   255403    20966    57095    48077    74565    23024    24858   123290    60027     6390    23435    29683    17300
2020        0   37255   10530   10677  131877       0  669501   161145    21385    58237    49039    73086    23485    25355   120843    58836     6263    23904    30277    17646
2021        0   37255   10697   10671  131871       0  574702    66876    21813    59402    50020    71529    23955    25862   118270    57583     6129    24382    30882    17999
2022        0   37255   10865   10666  100666       0  510915     3797    22249    60590    51020    69894    24434    26380   115567    56267     5989    24869    31500    18359
2023        0   37255   11034   10677  100677   81955  446966    22694        0     2541    52040    68179    24922    26907   112731    54886     5842    25367    32130    18726
2024        0   37255   11203   10729   88729   30852  393294     2592        0        0    24821    66381    25421    27445   109759    53439     5688    25874    32772    19100
2025        0   37255   11319   10748   88748   73642  338872    25318        0        0        0    16191    25929    27994   106673    51937     5528    26392    33428    19482
2026        0   37255    9061   10195   88195   42149  284060    15444        0        0        0        0        0    28554   103446    50366     5361    26919    34096    19872
2027        0   48007   11660   13124   85124   23106  239222        0        0        0        0        0        0     4956   100104    48739     5188    26456    33509    20270
2028        0   69511   10901   17496   89496   31446  206525     4865        0        0        0        0        0        0    70065    47055     5009    25967    32890    20675
2029        0   69511    9304   17100   89100   22509  173879        0        0        0        0        0        0        0    44965    45315     4824    25451    32237    21088
2030        0   69511    8055   16785   88785   28004  141298        0        0        0        0        0        0        0    15178    43518     4632    24909    31550    21510
2031        0   69511    6383   16367   82367   37372  114902    14532        0        0        0        0        0        0        0    18825     4435    24340    30829    21940
2032        0   69511    3988   15775   81775    9491   88898        0        0        0        0        0        0        0        0     8472     4232    23743    30073    22379
2033        0   69511    3371   15614   81614   35199   62960    10853        0        0        0        0        0        0        0        0        0        0    29280    22827
2034        0   69511    1409   15129   81129   14463   37277        0        0        0        0        0        0        0        0        0        0        0    13994    23283
2035        0   69511     703   14947   80947   37320   11640    11640        0        0        0        0        0        0        0        0        0        0        0        0
Gone broke!, short     14379
