Initial investment $608900
Annual investment income rate 0.0200
Start-end years: 2015-2057
Year Expenses   Taxes  Liquid  Assets  Wells F  College  eBay st  Trading  Intel s   Schwab  IRA M A Securion     TIAA  IRA N A    IRA N  Roth M 
2015   118266   31266       0  580826    15532   153000    48960    49980        0    73440     6630   129726    64390     6528    16320    16320
2016   118055   31055    9358  671108   118055   146702    49939    50980        0    74909     6763   122838    60971     6659    16646    16646
2017   117918   30918       0  643569    92891   149636    50938    51999        0    76407     6898   116316    57734     6792    16979    16979
2018   141467   33467       0  596809    51825   152629    51957    53039        0    75091     6779   110141    54668     6675    16687    17319
2019   155110   47110       0  557440    17854   155681    52996    54100        0    73702     6654   104159    51699     6551    16378    17665
2020   118446   14446   57254  595670   118446   101541    54056    55182        0    72240     6522    98366    48824     6421    16053    18019
2021   118400   14400       0  514499    43247   103572    55137    56286        0    70701     6383    92758    46040     6285    15711    18379
2022    98270   14270   12214  551588    98270    93430    56240    57411        0    69085     6237    87330    43346     6141    15352    18747
2023    98207   14207       0  490284    42685    95299    57364    58560        0    67390     6084    82077    40739     5990    14976    19121
2024    92093   14093    7130  527077    92093    90074    58512    59731        0    65613     5923    76997    38217     5832    14581    19504
2025    92022   14022       0  471766    42136    91876    59682    60925        0    63769     5757    72101    35787     5668    14171    19894
2026    91915   13915    8033  508375    91915    85680    60876    62144        0    61840     5583    67369    33438     5497    13742    20292
2027    92789   17789       0  460856    52493    87393    62093    63387        0    57658     5205    62813    31177     5125    12813    20698
2028    98987   23987       0  426094    25467    89141    63335    64654        0    53566     4836    58354    28964     4761    11903    21112
2029    98838   23838    1857  490260    98838    89067    64602    65948        0    49569     4475    54001    26803     4406    11015    21534
2030    98736   23736       0  455754    71310    90849    65894    67266        0    45677     4124    49760    24699     4060    10150    21965
2031    95579   23579       0  424366    46469    92666    67212    68612        0    41895     3782    45640    22653     3724     9310    22404
2032    95421   23421       0  393116    21310    94519    68556    69984        0    38230     3451    41648    20672     3398     8496    22852
2033    95245   23245    4200  457289    95245    92210    69927    71384        0    34707     3133    37810    18767     3085     7713    23309
2034    59111   23111       0  462438   105468    94054    71325    72811        0    31339     2829    34141    16946     2786     6964    23775
2035    58950   22950       0  467829   115368    95935    72752    74268        0    28123     2539    30637    15207     2500     6250    24251
2036    58782   22782       0  473485   124931    97854    74207    75753        0    25072     2263    27313    13557     2229     5571    24736
2037    58613   22613       0  479421   134156    99811    75691    77268        0    22188     2003    24172    11998     1972     4931    25230
2038    58431   22431       0  485673   143018   101807    77205    78813        0    19493     1760    21236    10541     1733     4332    25735
2039    58251   22251       0  492249   151521   103843    78749    80390        0    16987     1534    18506     9185     1510     3775    26250
2040    58075   22075       0  499157   159670   105920    80324    81997        0    14669     1324    15981     7932     1304     3260    26775
2041    57901   21901       0  506403   167473   108039    81931    83637        0    12539     1132    13660     6780     1115     2787    27310
2042    57717   21717       0  514023   174907   110199    83569    85310        0    10615      958    11564     5740      944     2359    27856
2043    57541   21541       0  522013   181989   112403    85241    87016        0     8890      803     9685     4807      790     1976    28414
2044    57374   21374       0  530370   188737   114651    86945    88757        0     7355      664     8013     3977      654     1634    28982
2045    57216   21216       0  539087   195170   116945    88684    90532        0     6002      542     6539     3246      534     1334    29561
2046    57068   21068       0  548159   201306   119283    90458    92342        0     4822      435     5253     2607      429     1071    30153
2047    56920   20920       0  557599   207146   121669    92267    94189        0     3817      345     4158     2064      339      848    30756
2048    55200   19200       0  564215   209546   124102    94112    96073        0     2972      268     3238     1607      264      660    31371
2049    47143   11143       0  555289   195832   126584    95995    97995        0     2271      205     2474     1228      202      505    31998
2050    47029   11029       0  546660   181890   129116    97915    99954        0     1698      153     1850      918      151      377    32638
2051    46922   10922       0  538324   167734   131699    99873   101954        0     1245      112     1356      673      111      277    33291
2052    46831   10831       0  530256   153396   134332   101870   103993        0      893       81      973      483       79      198    33957
2053    46758   10758       0  522431   138913   137019   103908   106072        0      621       56      677      336       55      138    34636
2054    46694   10694       0  514840   124301   139760   105986   108194        0      419       38      457      227       37       93    35329
2055    46641   10641       0  507465   109583   142555   108106   110358        0      273       25      298      148       24       61    36035
2056    46597   10597       0  500296    94777   145406   110268   112565        0      173       16      188       94       15       38    36756
