SSAnalyze-r60-f70.csv
Noga retires at age 60 in 2017
Annual investment income rate 0.0100
Year     Work     SSA     MRD   TaxesExpenses  Liquid  Assets  Wells F  College  Trading  eBay st  eBay 40  Intel s  Intel 4 Securion     TIAA  IRA M A  IRA N A  IRA N ?  Roth M 
2015   100000       0    7380   26865  112665       0  580473     7930   145522    52230    43980    73571     6020     7698   131037    63799     6304     6396    20160    15826
2016   100000       0    7182   26799  112599   24271  562816        0   122706    52752    44420    74307    10080    11775   127517    62085     6367    10460    24362    15984
2017   100000       0    6989   26747  112547   32306  545149        0    91628    53280    44864    75050    14181    15892   124092    60418     6431    14564    28605    16144
2018        0    6209    9805    3771  114171  146357  438869    44429        0        0    45313    73034    14323    16051   120759    58795     6258    14710    28891    16305
2019        0   37255    9865   10405  120805       0  648946   260428        0        0    45766    70981    14466    16212   117364    57142     6082    14857    29180    16468
2020        0   37255    9925   10528  116128       0  563951   181473        0        0    46224    68890    14611    16374   113907    55459     5903    15006    29472    16633
2021        0   37255    9984   10503  116103       0  478787   102468        0        0    46686    66762    14757    16538   110388    53746     5721    15156    29767    16799
2022        0   37255   10041   10478   86078       0  423454    53412        0        0    47153    64597    14904    16703   106808    52002     5535    15307    30064    16967
2023        0   37255   10097   10468   86068       0  367980     4336        0        0    47625    62394    15053    16870   103165    50229     5347    15460    30365    17137
2024        0   37255   10152   10457   81257   39962  317167        0        0        0     8139    60153    15204    17039    99460    48425     5155    15615    30669    17308
2025        0   37255   10157   10456   81256   52520  265882     8220        0        0        0    13589    15356    17209    95717    46602     4961    15771    30975    17481
2026        0   37255    8004    9922   80722   45940  215086     8792        0        0        0        0        0        0    91912    44750     4763    15929    31285    17656
2027        0   48007    9065   12472   80872   27463  171829        0        0        0        0        0        0        0    60607    42879     4564    15501    30445    17833
2028        0   69511    7587   16668   85068   24638  141323        0        0        0        0        0        0        0    33302    40992     4363    15065    29589    18011
2029        0   69511    6200   16321   84721   25331  111205        0        0        0        0        0        0        0     6425    39089     4161    14621    28717    18191
2030        0   69511    4706   15948   84348   32188   81533     6110        0        0        0        0        0        0        0    11093     3957    14170    27830    18373
2031        0   69511    2715   15453   81453   27978   54904     9420        0        0        0        0        0        0        0        0        0        0    26928    18557
2032        0   69511    1188   15073   81073   16008   28744        0        0        0        0        0        0        0        0        0        0        0    10001    18742
2033        0   69511     459   14886   80886   28572    2770     2770        0        0        0        0        0        0        0        0        0        0        0        0
Gone broke!, short     23258
