SSAnalyze-r60-f70.csv
Noga retires at age 60 in 2017
Annual investment income rate 0.0300
Year     Work     SSA     MRD   TaxesExpenses  Liquid  Assets  Wells F  College  Trading  eBay st  eBay 40  Intel s  Intel 4 Securion     TIAA  IRA M A  IRA N A  IRA N ?  Roth M 
2015   100000       0    7526   26902  117502       0  586767     3203   148403    53264    44851    75028     6060     7771   133632    65062     6429     6443    20480    16139
2016   100000       0    7469   26869  117469   33659  575943        0   119196    54862    46197    77279    10242    12004   132617    64568     6622    10636    25094    16623
2017   100000       0    7412   26853  117453   36894  564915        0    85879    56508    47583    79598    14549    16364   131611    64078     6821    14956    29847    17122
2018        0    6209   10605    3971  125171  146658  458930    34331        0        0    49010    78993    14986    16855   130612    63592     6769    15404    30743    17636
2019        0   37255   10882   10654  131854       0  666483   240028        0        0    50481    78293    15435    17361   129453    63028     6709    15866    31665    18165
2020        0   37255   11164   10828  132028       0  574156   146072        0        0    51995    77491    15898    17881   128128    62383     6640    16342    32615    18710
2021        0   37255   11453   10853  132053       0  481640    52166        0        0    53555    76585    16375    18418   126629    61653     6563    16833    33593    19271
2022        0   37255   11747   10879  100879   10487  420125        0        0        0    44674    75568    16866    18970   124948    60834     6476    17338    34601    19849
2023        0   37255   12046   10928  100928  108570  358127    46015        0        0        0    11881    17372    19540   123076    59923     6379    17858    35639    20444
2024        0   37255    9423   10295   88295    5807  306247        0        0        0        0     5875    17894    20126   121007    58915     6271    18393    36708    21058
2025        0   37255    9332   10250   88250   96838  254190    44925        0        0        0        0        0        0    66845    57820     6155    18945    37810    21690
2026        0   37255    6638    9599   87599    8289  200615        0        0        0        0        0        0        0    57169    56621     6027    19514    38944    22340
2027        0   48007    8526   12333   84333   40133  157975        0        0        0        0        0        0        0    15732    55329     5890    19365    38648    23010
2028        0   69511    6493   16394   88394   44122  127436    15337        0        0        0        0        0        0        0    25157     5742    19194    38306    23701
2029        0   69511    4091   15802   87802   14633   96738        0        0        0        0        0        0        0        0     9831     5584    18997    37913    24412
2030        0   69511    3302   15597   87597   33724   65958     3344        0        0        0        0        0        0        0        0        0        0    37470    25144
2031        0   69511    1622   15178   81178   21873   40997        0        0        0        0        0        0        0        0        0        0        0    15099    25898
2032        0   69511     679   14941   80941   40564   15857    14873        0        0        0        0        0        0        0        0        0        0        0      984
Gone broke!, short     11143
