Initial investment $608900
Annual investment income rate 0.0100
Start-end years: 2015-2057
Year Expenses   Taxes  Liquid  Assets  Wells F  College  eBay st  Trading  Intel s   Schwab  IRA M A Securion     TIAA  IRA N A    IRA N  Roth M 
2015   118229   31229       0  575210    15459   151500    48480    49490        0    72720     6565   128454    63758     6464    16160    16160
2016   117986   30986    9570  659853   117986   143445    48965    49985        0    73447     6631   120442    59781     6529    16322    16322
2017   117820   30820       0  626868    92626   144880    49454    50485        0    74182     6697   112929    56052     6594    16485    16485
2018   141305   33305       0  574759    51237   146328    49949    50990        0    72189     6517   105885    52556     6417    16042    16650
2019   154890   46890       0  530164    16921   147792    50448    51499        0    70160     6334    99152    49214     6236    15591    16816
2020   118217   14217   58644  562961   118217    90625    50953    52014        0    68093     6147    92720    46021     6053    15132    16984
2021   118142   14142       0  477209    42501    91532    51462    52535        0    65990     5957    86576    42972     5866    14664    17154
2022    97982   13982   13534  509507    97982    78913    51977    53060        0    63849     5764    80711    40061     5675    14189    17326
2023    97894   13894       0  443879    41770    79702    52497    53591        0    61672     5568    75113    37282     5482    13705    17499
2024    91753   13753    8723  476078    91753    71775    53022    54126        0    59457     5368    69773    34632     5285    13213    17674
2025    91661   13661       0  416632    41075    72493    53552    54668        0    57219     5166    64696    32112     5086    12715    17851
2026    91532   13532    9861  448785    91532    63357    54088    55214        0    54944     4960    59857    29710     4884    12210    18029
2027    92295   17295       0  397496    51122    63991    54628    55767        0    50727     4579    55262    27429     4509    11273    18209
2028    98474   23474       0  359054    23070    64631    55175    56324        0    46664     4213    50836    25232     4148    10370    18392
2029    98309   23309    5311  419091    98309    59966    55727    56887        0    42759     3860    46582    23121     3801     9502    18576
2030    98196   23196       0  381043    69701    60565    56284    57456        0    39015     3522    42503    21097     3468     8670    18761
2031    95030   23030       0  346176    43761    61171    56847    58031        0    35434     3199    38602    19160     3150     7874    18949
2032    94865   22865       0  311499    17490    61783    57415    58611        0    32017     2890    34880    17313     2846     7115    19138
2033    94688   22688    9133  371725    94688    53268    57989    59197        0    28782     2598    31355    15563     2558     6396    19330
2034    58560   22560       0  373504   103809    53800    58569    59789        0    25734     2323    28035    13915     2287     5719    19523
2035    58405   22405       0  375539   112619    54338    59155    60387        0    22867     2064    24911    12365     2033     5082    19718
2036    58246   22246       0  377841   121112    54882    59746    60991        0    20186     1822    21991    10915     1794     4486    19915
2037    58091   22091       0  380409   129293    55431    60344    61601        0    17689     1597    19271     9565     1572     3931    20115
2038    57928   21928       0  383264   137148    55985    60947    62217        0    15389     1389    16764     8321     1368     3420    20316
2039    57769   21769       0  386400   144687    56545    61557    62839        0    13279     1199    14466     7180     1180     2951    20519
2040    57616   21616       0  389814   151919    57110    62172    63468        0    11354     1025    12369     6140     1009     2523    20724
2041    57469   21469       0  393500   158857    57681    62794    64102        0     9611      868    10470     5197      854     2136    20931
2042    57315   21315       0  397474   165487    58258    63422    64743        0     8056      727     8776     4356      716     1790    21141
2043    57171   21171       0  401722   171830    58841    64056    65391        0     6681      603     7278     3612      594     1485    21352
2044    57037   21037       0  406231   177903    59429    64697    66045        0     5473      494     5962     2959      486     1216    21566
2045    56912   20912       0  410987   183726    60023    65344    66705        0     4422      399     4818     2391      393      983    21781
2046    56796   20796       0  415975   189319    60624    65997    67372        0     3518      318     3832     1902      313      782    21999
2047    56683   20683       0  421195   194684    61230    66657    68046        0     2758      249     3004     1491      245      613    22219
2048    54995   18995       0  423452   196673    61842    67324    68726        0     2126      192     2316     1150      189      472    22441
2049    46969   10969       0  410023   182611    62461    67997    69414        0     1609      145     1752      870      143      357    22666
2050    46882   10882       0  396747   168375    63085    68677    70108        0     1191      108     1297      644      106      265    22892
2051    46802   10802       0  383610   153979    63716    69364    70809        0      865       78      942      468       77      192    23121
2052    46735   10735       0  370592   139450    64353    70057    71517        0      614       55      669      332       55      137    23352
2053    46681   10681       0  357668   124813    64997    70758    72232        0      423       38      461      229       38       94    23586
2054    46634   10634       0  344826   110081    65647    71465    72954        0      283       26      308      153       25       63    23822
2055    46595   10595       0  332051    95271    66303    72180    73684        0      182       16      199       99       16       41    24060
2056    46563   10563       0  319332    80396    66966    72902    74421        0      114       10      125       62       10       25    24301
