Initial investment $608900
Annual investment income rate 0.0400
Start-end years: 2015-2057
Year Expenses   Taxes  Liquid  Assets  Wells F  College  eBay st  Trading  Intel s   Schwab  IRA M A Securion     TIAA  IRA N A    IRA N  Roth M 
2015   118340   31340       0  592057    15679   156000    49920    50960        0    74880     6760   132270    65652     6656    16640    16640
2016   118195   31195    8930  693948   118195   153310    51917    52998        0    77875     7030   127703    63385     6922    17306    17306
2017   118119   31119       0  677976    93434   159442    53993    55118        0    80990     7312   123294    61197     7199    17998    17998
2018   141805   33805       0  642909    53044   165820    56153    57323        0    81156     7327   119037    59084     7214    18035    18718
2019   157590   49590       0  618471    22970   172453    58399    59616        0    81217     7332   114779    56971     7219    18048    19466
2020   124334   20334   40362  685427   124334   138989    60735    62001        0    81166     7328   110521    54857     7215    18037    20245
2021   124362   20362       0  626819    61058   144548    63165    64481        0    80995     7312   106263    52744     7200    17999    21055
2022   104309   20309       0  588378    17676   150330    65691    67060        0    80696     7285   102006    50631     7173    17932    21897
2023   104267   20267   25790  654398   104267   130553    68319    69742        0    80259     7246    97751    48519     7134    17835    22773
2024    98291   20291       0  621454    66849   135775    71052    72532        0    79675     7193    93499    46408     7082    17706    23684
2025    98240   20240       0  588717    29328   141206    73894    75433        0    78954     7128    89270    44309     7018    17545    24631
2026    98204   20204    8265  654371    98204   138590    76850    78451        0    78067     7048    85046    42213     6939    17348    25617
2027    96191   21191       0  622856    65586   144133    79924    81589        0    74215     6700    80850    40130     6597    16492    26641
2028    96106   21106       0  591490    32798   149899    83120    84852        0    70299     6346    76584    38013     6249    15622    27707
2029    96011   21011     179  656315    96011   155716    86445    88246        0    66330     5988    72260    35866     5896    14740    28815
2030    95954   20954       0  625435    62920   161945    89903    91776        0    62320     5626    67891    33698     5540    13849    29968
2031    92838   20838       0  597809    32596   168422    93499    95447        0    58280     5261    63491    31514     5180    12951    31166
2032    92712   20712       0  570482     2021   175159    97239    99265        0    54225     4895    59073    29321     4820    12050    32413
2033    91657   19657   30664  633395    91657   151502   101129   103236        0    50193     4531    54681    27141     4462    11154    33710
2034    51047   15047       0  631001    85752   157562   105174   107365        0    46211     4172    50343    24988     4108    10269    35058
2035    50883   14883       0  629064    79519   163864   109381   111660        0    42282     3817    46063    22863     3758     9396    36460
2036    50700   14700       0  627652    72920   170419   113756   116126        0    38434     3470    41870    20782     3416     8541    37919
2037    50508   14508       0  626819    65936   177235   118306   120771        0    34681     3131    37781    18753     3083     7707    39435
2038    50286   14286       0  626662    58507   184325   123039   125602        0    31066     2805    33843    16798     2761     6904    41013
2039    50058   14058       0  627238    50623   191698   127960   130626        0    27603     2492    30070    14925     2454     6134    42653
2040    49824   13824       0  628604    42271   199366   133079   135851        0    24304     2194    26477    13142     2160     5401    44360
2041    49586   13586       0  630818    33443   207340   138402   141285        0    21182     1912    23076    11454     1883     4707    46134
2042    49318   13318       0  633993    24078   215634   143938   146936        0    18284     1651    19918     9886     1625     4063    47979
2043    49053   13053       0  638180    14184   224259   149695   152814        0    15612     1409    17008     8442     1388     3469    49898
2044    48793   12793       0  643429     3770   233230   155683   158926        0    13170     1189    14348     7121     1171     2927    51894
2045    48540   12540    7151  698332    48540   235408   161910   165284        0    10958      989    11938     5925      974     2435    53970
2046    48321   12321       0  705626    37182   244825   168387   171895        0     8975      810     9778     4853      798     1995    56129
2047    48064   12064       0  714157    25311   254618   175122   178771        0     7245      654     7892     3917      644     1610    58374
2048    47826   11826       0  723958    12962   264802   182127   185922        0     5752      519     6266     3110      511     1278    60709
2049    47606   11606       0  735060      174   275394   189412   193358        0     4481      405     4881     2423      398      996    63137
2050    47405   11405   13015  794899    47405   273395   196989   201093        0     3416      308     3721     1847      304      759    65663
2051    47242   11242       0  808256    33890   284331   204868   209136        0     2554      231     2782     1381      227      568    68289
2052    47076   11076       0  822995    20042   295704   213063   217502        0     1868      169     2035     1010      166      415    71021
2053    46941   10941       0  839120     5923   307532   221586   226202        0     1325      120     1443      716      118      294    73862
2054    46818   10818    8440  903489    46818   311393   230449   235250        0      911       82      993      493       81      203    76816
2055    46745   10745       0  922208    32308   323849   239667   244660        0      606       55      660      327       54      135    79889
2056    46659   10659       0  942399    17626   336802   249254   254446        0      391       35      426      211       35       87    83085
