SSAnalyze-r65-f70.csv
Noga retires at age 65 in 2022
No special after-tax income
Annual investment income rate 0.0500
Year      Exp   Taxes Tot Out     SSA     MRD    Work  Liquid  Assets  Wells F  College  Trading  eBay st  eBay 40  Intel s  Intel 4 Securion     TIAA  IRA M A  IRA N AIRA N UBS  Roth M 
  -1        0       0       0       0       0       0       0  590631       40      144       52       43       73        2        4      135       66        6        2        8       16
2016    90600   27168  117768       0    7672  101000       0  633794       31      151       55       46       76       10       12      136       66        7       11       17       17
2017    90600   27441  118041       0    7762  102000       0  680596       23      159       57       48       80       19       21      138       67        7       19       25       17
2018   121200   29866  151066    6209   11188  103000    7856  704636        0      159       60       50       81       28       30      139       68        7       28       35       18
2019   121200   36842  158042   37255   11703  104000    5084  756360        0      162       63       53       82       38       40      141       69        7       38       45       19
2020   121200   37227  158427   37255   12240  105000    3932  811607        0      166       66       55       83       48       50      142       69        7       49       56       20
2021   121200   37617  158817   37255   12800  106000    2762  870545        0      171       70       58       83       59       61      143       70        7       59       67       21
2022    90000   42574  132574   37255   13384  107000       0  959993       25      180       73       61       84       70       73      144       70        7       71       79       22
2023    90000   11415  101415   37255   13991       0   25054  942631        0      164       77       64       84       74       76      145       70        7       75       83       23
2024    78000   11573   89573   37255   14624       0   37694  937444        0      135       81       67       84       78       80      145       71        7       78       87       25
2025    78000   11719   89719   37255   15211       0   37254  931852        0      104       85       71       84       82       84      145       71        7       82       91       26
2026    78000   11890   89890   37255   15892       0   36742  925810        0       72       89       74       84       86       88      145       70        7       86       96       27
2027    72000   16923   88923   48007   26886       0   14030  931184        0       62       93       78       84       90       89      144       70        7       87       97       28
2028    72000   21772   93772   69511   28004       0       0  953483        4       65       98       82       83       94       90      143       70        7       88       98       30
2029    72000   22061   94061   69511   29158       0       0  976427        8       68      103       86       83       99       91      142       69        7       89       99       31
2030    72000   22358   94358   69511   30349       0       0 1000000       14       72      108       90       82      104       92      140       68        7       90      100       33
2031    66000   22665   88665   69511   31576       0       0 1030180       26       75      114       95       81      109       92      138       67        7       90      100       35
2032    66000   22981   88981   69511   32839       0       0 1060955       40       79      119      100       79      115       93      136       66        7       91      101       36
2033    66000   23270   89270   69511   33996       0       0 1092336       54       83      125      105       77      120       93      133       65        7       91      101       38
2034    66000   23547   89547   69511   35105       0       0 1124322       69       87      132      110       76      126       93      130       63        6       91      101       40
2035    66000   23844   89844   69511   36293       0       0 1156881       85       92      138      115       73      133       93      126       61        6       91      101       42
2036    66000   24125   90125   69511   37414       0       0 1190015      102       96      145      121       71      139       93      122       59        6       90      100       44
2037    66000   24404   90404   69511   38533       0       0 1223711      120      101      152      127       68      146       92      118       57        6       90      100       46
2038    66000   24631   90631   69511   39439       0       0 1258009      139      106      160      133       65      154       91      113       55        6       89       99       49
2039    66000   24850   90850   69511   40317       0       0 1292912      158      111      168      140       62      161       90      107       52        5       88       98       51
2040    46200   25060   71260   69511   41157       0       0 1348226      198      117      176      147       59      169       89      102       49        5       87       96       54
2041    46200   25259   71459   69511   41951       0       0 1404200      238      123      185      154       56      178       87       96       47        5       85       95       56
2042    46200   25346   71546   69511   42299       0       0 1460947      279      129      194      162       52      187       85       89       43        4       83       93       59
2043    46200   25412   71612   69511   42565       0       0 1518509      320      135      204      170       48      196       83       83       40        4       81       90       62
2044    46200   25456   71656   69511   42739       0       0 1576937      361      142      214      179       44      206       81       76       37        4       79       88       65
2045    46200   25473   71673   69511   42808       0       0 1636289      402      149      225      188       40      216       78       70       34        3       76       85       68
2046    46200   25461   71661   69511   42760       0       0 1696636      444      157      236      197       36      227       75       63       31        3       74       82       72
