SSAnalyze-r62-f70.csv
Noga retires at age 62 in 2019
Annual investment income rate 0.0400
Year     Work     SSA     MRD   TaxesExpenses  Liquid  Assets  Wells F  College  Trading  eBay st  eBay 40  Intel s  Intel 4 Securion     TIAA  IRA M A  IRA N AIRA N UBS  Roth M 
2015   100000       0    7599   26920  117520       0  600026     3240   149844    53782    45287    75757    10080    11807   134929    65694     6492    10467    16352    16296
2016   101000       0    7615   27155  117755   33050  612313        0   122788    55933    47098    78787    18563    20360   135205    65828     6751    18966    25086    16948
2017   102000       0    7630   27408  118008   35785  626031        0    91915    58170    48982    81938    27466    29334   135481    65963     7021    27884    34250    17625
2018   103000    6209   11023   29825  151025       0  912391   239381    95592    60497    50941    82106    36804    38747   135758    66098     7036    37240    43860    18331
2019   104000   37255   11420   36891  158091       0  919342   197553    99415    62917    52979    82168    46597    48617   135861    66147     7041    47049    53934    19064
2020        0   37255   11831   10973  132173       0  842717   103887   103392    65433    55098    82117    48460    50562   135776    66106     7037    48931    56092    19826
2021        0   37255   12254   11032  132232       0  766469    10340   107528    68051    57302    81944    50399    52585   135490    65967     7022    50888    58335    20619
2022        0   37255   12691   11095  101095   51883  721801        0    59946    70773    59594    81641    52415    54688   134989    65723     6996    52924    60669    21444
2023        0   37255   13141   11202  101202   62008  675524        0      336    73604    61978    81199    54511    56875   134258    65367     6958    55041    63095    22302
2024        0   37255   13604   11318   89318   50125  639165      349        0    26772    64457    80608    56692    59150   133282    64892     6907    57242    65619    23194
2025        0   37255   14015   11421   89421   77064  601132    27842        0        0    17814    79878    58959    61517   132074    64304     6845    59532    68244    24122
2026        0   37255   14504   11557   89557   39983  560261    18527        0        0        0    57525    61318    63977   130591    63582     6768    61913    70974    25087
2027        0   48007   21257   15525   87525   15222  526924        0        0        0        0    41535    63771    64108   128850    62734     6678    62040    71119    26090
2028        0   69511   21078   20041   92041   21492  505431        0        0        0        0    19395    66321    64156   126838    61755     6573    62087    71172    27134
2029        0   69511   20486   19893   91893   40832  483374    19044        0        0        0        0    47186    64116   124542    60637     6454    62048    71128    28219
2030        0   69511   19962   19771   91771    2987  459954        0        0        0        0        0    46086    63981   121949    59374     6320    61917    70978    29348
2031        0   69511   20575   19915   85915   15743  442034        0        0        0        0        0    32186    63745   119046    57961     6170    61688    70716    30522
2032        0   69511   21199   20071   86071   15432  423084        0        0        0        0        0    18042    63399   115821    56390     6002    61354    70333    31743
2033        0   69511   21745   20207   86207   15158  403104        0        0        0        0        0     3605    62938   112315    54684     5821    60908    69821    33012
2034        0   69511   22248   20333   86333   18656  382073     3749        0        0        0        0        0    47461   108523    52837     5624    60357    69189    34333
2035        0   69511   22028   20280   86280   11264  360164        0        0        0        0        0        0    35664   104441    50850     5413    59679    68412    35706
2036        0   69511   21894   20244   86244   15084  337593        0        0        0        0        0        0    20104   100066    48720     5186    58883    67500    37134
2037        0   69511   21491   20144   86144   15286  314320        0        0        0        0        0        0     4504    95397    46446     4944    57963    66446    38620
2038        0   69511   20881   19991   85991   20013  290421     4423        0        0        0        0        0        0    74919    44067     4691    56914    65243    40164
2039        0   69511   19339   19608   85608   11934  266165        0        0        0        0        0        0        0    58767    41586     4427    55729    63885    41771
2040        0   69511   18315   19350   65550       0  261423     2926        0        0        0        0        0        0    55126    39010     4152    54403    62364    43442
2041        0   69511   18482   19393   65593       0  256293     5939        0        0        0        0        0        0    51359    36344     3869    52929    60674    45180
2042        0   69511   18448   19386   65586       0  250858     8938        0        0        0        0        0        0    47543    33644     3581    51327    58838    46987
2043        0   69511   18377   19370   65570       0  245124    11904        0        0        0        0        0        0    43696    30921     3291    49594    56851    48866
2044        0   69511   18264   19343   65543       0  239101    14817        0        0        0        0        0        0    39833    28188     3000    47729    54713    50821
2045        0   69511   18108   19305   65505       0  232802    17655        0        0        0        0        0        0    35976    25458     2710    45729    52421    52854
2046        0   69511   17902   19255   65455       0  226244    20392        0        0        0        0        0        0    32145    22747     2421    43595    49975    54968
