SSAnalyze-r60-f70.csv
Noga retires at age 60 in 2017
Annual investment income rate 0.0200
Year     Work     SSA     MRD   TaxesExpenses  Liquid  Assets  Wells F  College  Trading  eBay st  eBay 40  Intel s  Intel 4 Securion     TIAA  IRA M A  IRA N A  IRA N ?  Roth M 
2015   100000       0    7453   26883  112683       0  586020     7967   146963    52747    44416    74300     6040     7734   132334    64431     6367     6419    20320    15982
2016   100000       0    7325   26835  112635   24163  574127        0   125739    53802    45304    75786    10161    11889   130055    63321     6494    10548    24726    16302
2017   100000       0    7199   26800  112600   32201  562210        0    96053    54878    46210    77302    14364    16127   127814    62230     6624    14759    29221    16628
2018        0    6209   10199    3869  114269  153950  461525    52219        0        0    47135    75970    14651    16449   125613    61158     6510    15054    29805    16961
2019        0   37255   10364   10534  120934       0  675603   268475        0        0    48077    74565    14944    16778   123290    60027     6390    15355    30401    17300
2020        0   37255   10530   10683  116283       0  594571   189830        0        0    49039    73086    15243    17114   120843    58836     6263    15662    31009    17646
2021        0   37255   10697   10686  116286       0  513329   111190        0        0    50020    71529    15548    17456   118270    57583     6129    15975    31630    17999
2022        0   37255   10865   10688   86288       0  461872    62555        0        0    51020    69894    15859    17805   115567    56267     5989    16295    32262    18359
2023        0   37255   11034   10706   86306       0  410226    13956        0        0    52040    68179    16176    18161   112731    54886     5842    16621    32908    18726
2024        0   37255   11203   10724   81524   29807  363185        0        0        0    23274    66381    16500    18524   109759    53439     5688    16953    33566    19100
2025        0   37255   11319   10747   81547   67458  315411    23740        0        0        0    20797    16830    18895   106673    51937     5528    17292    34237    19482
2026        0   37255    9292   10252   81052   37334  267243    16365        0        0        0        0        0    19273   103446    50366     5361    17638    34922    19872
2027        0   48007   11000   12960   81360   18914  225981        0        0        0        0        0        0       27   100104    48739     5188    17334    34320    20270
2028        0   69511   10391   17369   85769   23262  196874       26        0        0        0        0        0        0    73410    47055     5009    17014    33686    20675
2029        0   69511    9170   17064   85464   23820  167795        0        0        0        0        0        0        0    46875    45315     4824    16676    33017    21088
2030        0   69511    7839   16731   85131   24512  138800        0        0        0        0        0        0        0    20505    43518     4632    16321    32314    21510
2031        0   69511    6381   16366   82366   42473  112355    19632        0        0        0        0        0        0        0    18824     4435    15948    31575    21940
2032        0   69511    3647   15693   81693    4556   86374        0        0        0        0        0        0        0        0    13406     4232    15557    30800    22379
2033        0   69511    3365   15612   81612   31922   60388     7573        0        0        0        0        0        0        0        0        0        0    29988    22827
2034        0   69511    1443   15136   81136   17729   34699        0        0        0        0        0        0        0        0        0        0        0    11416    23283
2035        0   69511     574   14914   80914   34820    9075     9075        0        0        0        0        0        0        0        0        0        0        0        0
Gone broke!, short     16947
