SSAnalyze-r65-f70.csv
Noga retires at age 65 in 2022
No special after-tax income
Annual investment income rate 0.0200
Year      Exp   Taxes Tot Out     SSA     MRD    Work  Liquid  Assets  Wells F  College  Trading  eBay st  eBay 40  Intel s  Intel 4 Securion     TIAA  IRA M A  IRA N AIRA N UBS  Roth M 
  -1        0       0       0       0       0       0       0  590631       40      144       52       43       73        2        4      135       66        6        2        8       16
2016    90600   27113  117713       0    7453  101000       0  617330       31      147       53       44       74       10       12      132       64        6       11       16       16
2017    90600   27331  117931       0    7325  102000       0  645831       22      150       54       45       76       18       20      130       63        7       19       25       16
2018   121200   29633  150833    6209   10256  103000    9049  649682        0      144       55       46       74       27       29      128       62        6       27       33       17
2019   121200   36522  157722   37255   10422  104000    6045  679489        0      141       56       47       73       36       38      125       61        6       36       42       17
2020   121200   36814  158014   37255   10589  105000    5170  710920        0      138       57       48       72       45       47      123       60        6       45       52       17
2021   121200   37106  158306   37255   10757  106000    4294  744007        0      137       59       49       70       54       56      120       59        6       55       61       18
2022    90000   37398  127398   37255   10926  107000       0  809984       28      140       60       50       68       64       66      118       57        6       65       71       18
2023    90000   10691  100691   37255   11096       0   24502  762248        0      118       61       51       67       65       67      115       56        6       66       72       19
2024    78000   10733   88733   37255   11266       0   40212  726015        0       80       62       52       65       67       69      112       54        6       67       74       19
2025    78000   10762   88762   37255   11383       0   40125  689028        0       41       63       53       63       68       70      109       53        5       68       75       19
2026    78000   10805   88805   37255   11553       0   39997  651258        0        2       65       54       61       69       71      105       51        5       70       77       20
2027    72000   15148   87148   48007   19786       0   21675  625143        2        0       47       55       59       71       70      102       50        5       69       76       20
2028    72000   19777   91777   69511   20023       0       0  615338        0        0       48       56       57       72       69       98       48        5       67       74       20
2029    72000   19835   91835   69511   20257       0    1985  605319        0        0       47       57       55       74       68       95       46        5       66       73       21
2030    72000   19893   91893   69511   20486       0    1896  595044        0        0       46       58       53       75       66       91       44        5       65       71       21
2031    66000   19948   85948   69511   20709       0       0  590507        4        0       46       60       51       77       65       87       42        4       63       70       22
2032    66000   20003   86003   69511   20926       0       0  585749        9        0       47       61       48       78       63       83       40        4       62       68       22
2033    66000   20034   86034   69511   21053       0       0  580784       13        0       48       62       46       80       61       79       38        4       60       66       23
2034    66000   20052   86052   69511   21125       0       0  575619       18        0       49       63       44       81       60       75       36        4       58       64       23
2035    66000   20077   86077   69511   21225       0       0  570244       23        0       50       65       41       83       58       71       34        4       57       62       24
2036    66000   20087   86087   69511   21263       0       0  564666       27        0       51       66       39       85       56       66       32        3       55       60       24
2037    66000   20091   86091   69511   21281       0       0  558888       32        0       52       67       36       86       54       62       30        3       53       58       24
2038    66000   20064   86064   69511   21172       0       0  552935       37        0       53       69       34       88       52       58       28        3       51       56       25
2039    66000   20031   86031   69511   21039       0       0  546813       41        0       54       70       31       90       50       53       26        3       49       54       25
2040    46200   19991   66191   69511   20879       0       0  560325       66        0       56       71       29       92       48       49       24        2       47       51       26
2041    46200   19943   66143   69511   20689       0       0  573719       90        0       57       73       26       93       46       45       22        2       45       49       27
2042    46200   19842   66042   69511   20283       0       0  587046      114        0       58       74       24       95       43       41       20        2       42       47       27
2043    46200   19733   65933   69511   19847       0       0  600317      137        0       59       76       21       97       41       37       18        2       40       44       28
2044    46200   19616   65816   69511   19380       0       0  613546      161        0       60       77       19       99       39       33       16        2       38       42       28
2045    46200   19491   65691   69511   18878       0       0  626744      184        0       61       79       17      101       36       29       14        1       36       39       29
2046    46200   19356   65556   69511   18341       0       0  639926      206        0       63       80       15      103       34       26       12        1       33       37       29
