Initial investment $608900
Annual investment income rate 0.0100
Start-end years: 2015-2057
Year Expenses   Taxes  Liquid  Assets  Wells F  College  eBay st  Trading  Intel s   Schwab  IRA M A Securion     TIAA  IRA N A    IRA N  Roth M 
2015   118229   31229       0  575210    15459   151500    48480    49490        0    72720     6565   128454    63758     6464    16160    16160
2016   117986   30986    9570  659853   117986   143445    48965    49985        0    73447     6631   120442    59781     6529    16322    16322
2017   117820   30820       0  626868    92626   144880    49454    50485        0    74182     6697   112929    56052     6594    16485    16485
2018   141305   33305       0  574759    51237   146328    49949    50990        0    72189     6517   105885    52556     6417    16042    16650
2019   156904   48904       0  533328    20086   147792    50448    51499        0    70160     6334    99152    49214     6236    15591    16816
2020   123613   19613   44688  582312   123613   104581    50953    52014        0    68093     6147    92720    46021     6053    15132    16984
2021   123538   19538       0  507493    58690   105627    51462    52535        0    65990     5957    86576    42972     5866    14664    17154
2022   103385   19385       0  452754    13459   106683    51977    53060        0    63849     5764    80711    40061     5675    14189    17326
2023   103245   19245   32050  501352   103245    75700    52497    53591        0    61672     5568    75113    37282     5482    13705    17499
2024    97178   19178       0  452607    63602    76457    53022    54126        0    59457     5368    69773    34632     5285    13213    17674
2025    97040   19040       0  403968    23683    77221    53552    54668        0    57219     5166    64696    32112     5086    12715    17851
2026    96918   18918   16482  452325    96918    61511    54088    55214        0    54944     4960    59857    29710     4884    12210    18029
2027    94517   19517       0  405461    60953    62126    54628    55767        0    50727     4579    55262    27429     4509    11273    18209
2028    94350   19350       0  358753    24652    62747    55175    56324        0    46664     4213    50836    25232     4148    10370    18392
2029    94181   19181   11986  406386    94181    51389    55727    56887        0    42759     3860    46582    23121     3801     9502    18576
2030    94065   19065       0  359991    57311    51903    56284    57456        0    39015     3522    42503    21097     3468     8670    18761
2031    90895   18895       0  316767    23100    52422    56847    58031        0    35434     3199    38602    19160     3150     7874    18949
2032    90725   18725   11449  364448    90725    41497    57415    58611        0    32017     2890    34880    17313     2846     7115    19138
2033    89697   17697       0  319801    54119    41912    57989    59197        0    28782     2598    31355    15563     2558     6396    19330
2034    49017   13017       0  302380    44154    42331    58569    59789        0    25734     2323    28035    13915     2287     5719    19523
2035    48852   12852       0  285194    33858    42755    59155    60387        0    22867     2064    24911    12365     2033     5082    19718
2036    48684   12684       0  268255    23226    43182    59746    60991        0    20186     1822    21991    10915     1794     4486    19915
2037    48519   12519       0  251563    12263    43614    60344    61601        0    17689     1597    19271     9565     1572     3931    20115
2038    48346   12346       0  235136      955    44050    60947    62217        0    15389     1389    16764     8321     1368     3420    20316
2039    48178   12178   10688  267150    48178    33802    61557    62839        0    13279     1199    14466     7180     1180     2951    20519
2040    48045   12045       0  251194    36268    34140    62172    63468        0    11354     1025    12369     6140     1009     2523    20724
2041    47888   11888       0  235488    24044    34482    62794    64102        0     9611      868    10470     5197      854     2136    20931
2042    47725   11725       0  220049    11494    34827    63422    64743        0     8056      727     8776     4356      716     1790    21141
2043    47571   11571    1364  252434    47571    33811    64056    65391        0     6681      603     7278     3612      594     1485    21352
2044    47452   11452       0  237522    34475    34149    64697    66045        0     5473      494     5962     2959      486     1216    21566
2045    47317   11317       0  222836    21108    34491    65344    66705        0     4422      399     4818     2391      393      983    21781
2046    47192   11192       0  208360     7492    34836    65997    67372        0     3518      318     3832     1902      313      782    21999
2047    47069   11069    6371  241163    47069    28813    66657    68046        0     2758      249     3004     1491      245      613    22219
2048    46985   10985       0  227076    33039    29101    67324    68726        0     2126      192     2316     1150      189      472    22441
2049    46887   10887       0  213157    18812    29392    67997    69414        0     1609      145     1752      870      143      357    22666
2050    46800   10800       0  199386     4413    29686    68677    70108        0     1191      108     1297      644      106      265    22892
2051    46720   10720   10146  232472    46720    19837    69364    70809        0      865       78      942      468       77      192    23121
2052    46682   10682       0  218907    32084    20035    70057    71517        0      614       55      669      332       55      137    23352
2053    46628   10628       0  205432    17339    20235    70758    72232        0      423       38      461      229       38       94    23586
2054    46580   10580       0  192036     2500    20438    71465    72954        0      283       26      308      153       25       63    23822
2055    46541   10541   12418  225243    46541     8224    72180    73684        0      182       16      199       99       16       41    24060
2056    46538   10538       0  211894    31618     8307    72902    74421        0      114       10      125       62       10       25    24301
