SSAnalyze-r65-f70.csv
Noga retires at age 65 in 2022
Annual investment income rate 0.0100
Year     Work     SSA     MRD   TaxesExpenses  Liquid  Assets  Wells F  College  Trading  eBay st  eBay 40  Intel s  Intel 4 Securion     TIAA  IRA M A  IRA N AIRA N UBS  Roth M 
2015   100000       0    7380   26865  117465       0  583887     3130   145522    52563    43877    73420    10020    11698   131037    63799     6310    10399    16111    16000
2016   101000       0    7182   27047  117647   33376  578327        0   113601    53089    44316    74154    18200    19895   127517    62085     6374    18583    24352    16160
2017   102000       0    6989   27247  117847   36106  573656        0    78632    53620    44759    74896    26542    28254   124092    60418     6437    26929    32756    16322
2018   103000    6209    9799   29519  150719       0  841323   238770    79418    54156    45207    72884    35048    36776   120759    58795     6264    35438    41324    16485
2019   104000   37255    9860   36501  157701       0  828159   196160    80212    54698    45659    70835    43718    45464   117364    57142     6088    44112    50057    16650
2020   105000   37255    9920   36745  157945       0  816037   154038    81014    55245    46116    68749    52555    54318   113907    55459     5909    52953    58957    16817
2021   106000   37255    9978   36988  158188       0  804963   112403    81824    55797    46577    66625    61561    63342   110388    53746     5726    61963    68027    16985
2022   107000   37255   10036   37232  127232       0  826145   102454    82643    56355    47043    64464    70736    72535   106808    52002     5541    71143    77267    17155
2023        0   37255   10092   10491  100491       0  759860    39024    83469    56919    47513    62265    71444    73260   103165    50229     5352    71854    78040    17326
2024        0   37255   10146   10473   88473   12442  705456        0    71862    57488    47988    60029    72158    73993    99460    48425     5160    72572    78820    17499
2025        0   37255   10151   10454   88454   51503  650856        0    21078    58063    48468    57770    72880    74733    95717    46602     4965    73298    79608    17674
2026        0   37255   10202   10467   88467   72766  595686    21289        0     7166    48953    55473    73609    75480    91912    44750     4768    74031    80405    17851
2027        0   48007   18674   14881   86881   20987  547718     7238        0        0    35693    53155    74345    73453    88070    42879     4569    72043    78245    18030
2028        0   69511   18718   19454   91454   15427  511740        0        0        0    20623    50815    75088    71388    84194    40992     4368    70017    76045    18210
2029        0   69511   18756   19460   91460   43482  475448    20829        0        0        0    25803    75839    69285    80285    39089     4165    67955    73805    18392
2030        0   69511   17451   19144   91144    2456  439259        0        0        0        0    22081    76597    67145    76346    37171     3960    65856    71525    18576
2031        0   69511   17327   19103   85103   17368  408957        0        0        0        0     3566    77363    64967    72379    35240     3755    63720    69205    18762
2032        0   69511   16218   18825   84825   21292  378906     3369        0        0        0        0    60215    62751    68387    33296     3548    61547    66845    18949
2033        0   69511   15956   18762   84762   14680  348656        0        0        0        0        0    46137    60498    64403    31357     3341    59336    64445    19139
2034        0   69511   15878   18741   84741   18092  318172        0        0        0        0        0    28506    58221    60434    29424     3135    57103    62019    19330
2035        0   69511   15833   18729   84729   18115  287406        0        0        0        0        0    10676    55906    56483    27501     2930    54833    59553    19524
2036        0   69511   15732   18704   84704   28948  256383    10783        0        0        0        0        0    35405    52556    25588     2726    52541    57064    19719
2037        0   69511   14639   18436   84436    7918  225499        0        0        0        0        0        0    25928    48658    23691     2524    50229    54553    19916
2038        0   69511   14009   18273   84273   19027  194718        0        0        0        0        0        0     5698    44834    21829     2326    47897    52020    20115
2039        0   69511   12690   17944   83944   25104  164290     5418        0        0        0        0        0        0    21403    20006     2132    45547    49468    20316
2040        0   69511   10199   17323   63523       0  154553     4292        0        0        0        0        0        0    19498    18225     1942    43180    46898    20519
2041        0   69511   10043   17284   63484       0  144808     3086        0        0        0        0        0        0    17642    16490     1757    40798    44311    20725
2042        0   69511    9791   17220   63420       0  135101     1754        0        0        0        0        0        0    15860    14824     1579    38422    41730    20932
2043        0   69511    9530   17155   63355       0  125440      289        0        0        0        0        0        0    14156    13232     1410    36054    39158    21141
2044        0   69511    9260   17086   63286    1312  115831        0        0        0        0        0        0        0    11221    11714     1248    33697    36598    21353
2045        0   69511    8804   16972   63172    1829  106356        0        0        0        0        0        0        0     8013    10274     1095    31354    34053    21566
2046        0   69511    8262   16837   63037    2100   97057        0        0        0        0        0        0        0     4853     8916      950    29029    31528    21782
