SSAnalyze-r62-f70.csv
Noga retires at age 62 in 2019
Annual investment income rate 0.0500
Year     Work     SSA     MRD   TaxesExpenses  Liquid  Assets  Wells F  College  Trading  eBay st  eBay 40  Intel s  Intel 4 Securion     TIAA  IRA M A  IRA N AIRA N UBS  Roth M 
2015   100000       0    7672   26938  117538       0  605766     3276   151285    54645    45615    76328    10100    11844   136227    66326     6560    10494    16433    16634
2016   101000       0    7762   27192  117792   32939  624233        0   125910    57377    47896    80144    18685    20516   137818    67100     6888    19098    25334    17466
2017   102000       0    7853   27463  118063   35674  644558        0    96532    60246    50291    84151    27779    29702   139427    67884     7233    28213    34761    18339
2018   103000    6209   11446   29931  151131       0  937893   239593   101358    63259    52805    85134    37408    39427   141055    68677     7317    37864    44739    19256
2019   104000   37255   11973   37030  158230       0  952563   198041   106426    66422    55445    86017    47599    49719   142519    69389     7393    48077    55296    20219
2020        0   37255   12523   11146  132346       0  884447   104722   111747    69743    58218    86790    49979    52204   143800    70013     7460    50481    58061    21230
2021        0   37255   13096   11243  132443       0  817212    11597   117335    73230    61129    87440    52477    54815   144877    70537     7516    53005    60964    22291
2022        0   37255   13693   11346  101346   50124  782080        0    73078    76891    64185    87955    55101    57555   145729    70952     7560    55655    64012    23406
2023        0   37255   14315   11495  101495   61421  745448        0    15311    80736    67394    88320    57856    60433   146334    71246     7591    58438    67212    24576
2024        0   37255   14962   11657   89657   65173  718661    16076        0    35675    70764    88520    60749    63455   146666    71408     7608    61360    70573    25805
2025        0   37255   15562   11815   89815   32705  689447        0        0     4754    74302    88562    63787    66628   146735    71442     7612    64428    74102    27095
2026        0   37255   16260   11982   89982   53440  659211     4991        0        0    29569    88409    66976    69959   146482    71319     7599    67649    77807    28450
2027        0   48007   25152   16492   88492   26823  634955        0        0        0     4224    88069    70325    70776   145919    71045     7570    68440    78716    29872
2028        0   69511   26188   21318   93318   23372  621577     4435        0        0        0    68590    73841    71510   145022    70608     7523    69150    79532    31366
2029        0   69511   26145   21309   93309   14519  607336        0        0        0        0    53477    77533    72153   143766    69996     7458    69771    80247    32934
2030        0   69511   26312   21349   93349   18875  592515        0        0        0        0    33992    81410    72693   142126    69198     7373    70294    80848    34581
2031        0   69511   26153   21309   87309   12955  583033        0        0        0        0    20547    85480    73121   140077    68200     7267    70707    81324    36310
2032        0   69511   26317   21350   87350   12873  572996        0        0        0        0     7310    89754    73424   137592    66990     7138    71000    81661    38126
2033        0   69511   26330   21354   87354   20023  562449     7157        0        0        0        0    81376    73591   134710    65587     6988    71162    81847    40032
2034        0   69511   26659   21439   87439    5538  550860        0        0        0        0        0    79907    73626   131414    63982     6817    71195    81885    42034
2035        0   69511   27571   21664   87664   12246  538586        0        0        0        0        0    71657    73499   127687    62168     6624    71073    81744    44135
2036        0   69511   28431   21879   87879   11816  525269        0        0        0        0        0    63424    73216   123515    60137     6407    70799    81430    46342
2037        0   69511   29289   22093   88093   11387  510857        0        0        0        0        0    55208    72766   118883    57881     6167    70364    80929    48659
2038        0   69511   29992   22269   88269   11035  495373        0        0        0        0        0    46933    72136   113877    55444     5907    69755    80228    51092
2039        0   69511   30675   22440   88440   10694  478773        0        0        0        0        0    38586    71313   108500    52826     5628    68959    79313    53647
2040        0   69511   31332   22604   68804       0  480814     9435        0        0        0        0    40515    70285   102756    50029     5330    67965    78170    56329
2041        0   69511   31955   22764   68964       0  482184    19190        0        0        0        0    42541    69038    96655    47059     5014    66759    76783    59145
2042        0   69511   32243   22841   69041       0  483001    29099        0        0        0        0    44668    67592    90335    43982     4686    65361    75174    62103
2043        0   69511   32470   22903   69103       0  483259    39132        0        0        0        0    46902    65938    83822    40811     4348    63762    73335    65208
2044        0   69511   32629   22948   69148       0  482958    49255        0        0        0        0    49247    64068    77148    37561     4002    61953    71255    68468
2045        0   69511   32711   22974   69174       0  482106    59429        0        0        0        0    51709    61975    70346    34250     3649    59929    68927    71892
2046        0   69511   32706   22977   69177       0  480715    69610        0        0        0        0    54295    59651    63460    30897     3292    57682    66342    75486
