Initial investment $608900
Annual investment income rate 0.0200
Start-end years: 2015-2057
Year Expenses   Taxes  Liquid  Assets  Wells F  College  eBay st  Trading  Intel s   Schwab  IRA M A Securion     TIAA  IRA N A    IRA N  Roth M 
2015   118266   31266       0  580826    15532   153000    48960    49980        0    73440     6630   129726    64390     6528    16320    16320
2016   118055   31055    9358  671108   118055   146702    49939    50980        0    74909     6763   122838    60971     6659    16646    16646
2017   117918   30918       0  643569    92891   149636    50938    51999        0    76407     6898   116316    57734     6792    16979    16979
2018   141467   33467       0  596809    51825   152629    51957    53039        0    75091     6779   110141    54668     6675    16687    17319
2019   157124   49124       0  560605    21019   155681    52996    54100        0    73702     6654   104159    51699     6551    16378    17665
2020   123842   19842   43298  615021   123842   115497    54056    55182        0    72240     6522    98366    48824     6421    16053    18019
2021   123797   19797       0  544922    59436   117807    55137    56286        0    70701     6383    92758    46040     6285    15711    18379
2022   103672   19672       0  494831    14779   120163    56240    57411        0    69085     6237    87330    43346     6141    15352    18747
2023   103560   19560   30101  548326   103560    92465    57364    58560        0    67390     6084    82077    40739     5990    14976    19121
2024    97517   19517       0  503818    64594    94314    58512    59731        0    65613     5923    76997    38217     5832    14581    19504
2025    97402   19402       0  459353    25397    96201    59682    60925        0    63769     5757    72101    35787     5668    14171    19894
2026    97301   19301   14000  512205    97301    84124    60876    62144        0    61840     5583    67369    33438     5497    13742    20292
2027    95011   20011       0  469099    62324    85807    62093    63387        0    57658     5205    62813    31177     5125    12813    20698
2028    94863   19863       0  426058    27049    87523    63335    64654        0    53566     4836    58354    28964     4761    11903    21112
2029    94710   19710    8531  477806    94710    80742    64602    65948        0    49569     4475    54001    26803     4406    11015    21534
2030    94605   19605       0  434872    58920    82357    65894    67266        0    45677     4124    49760    24699     4060    10150    21965
2031    91444   19444       0  395044    25808    84004    67212    68612        0    41895     3782    45640    22653     3724     9310    22404
2032    91281   19281    7629  446623    91281    78056    68556    69984        0    38230     3451    41648    20672     3398     8496    22852
2033    90252   18252       0  405237    55785    79617    69927    71384        0    34707     3133    37810    18767     3085     7713    23309
2034    49569   13569       0  391048    46922    81209    71325    72811        0    31339     2829    34141    16946     2786     6964    23775
2035    49398   13398       0  377077    37718    82833    72752    74268        0    28123     2539    30637    15207     2500     6250    24251
2036    49220   13220       0  363348    28157    84490    74207    75753        0    25072     2263    27313    13557     2229     5571    24736
2037    49041   13041       0  349874    18240    86180    75691    77268        0    22188     2003    24172    11998     1972     4931    25230
2038    48850   12850       0  336691     7940    87903    77205    78813        0    19493     1760    21236    10541     1733     4332    25735
2039    48661   12661    2738  372469    48661    86923    78749    80390        0    16987     1534    18506     9185     1510     3775    26250
2040    48500   12500       0  359890    37662    88661    80324    81997        0    14669     1324    15981     7932     1304     3260    26775
2041    48317   12317       0  347623    26297    90435    81931    83637        0    12539     1132    13660     6780     1115     2787    27310
2042    48123   12123       0  335703    14543    92243    83569    85310        0    10615      958    11564     5740      944     2359    27856
2043    47938   11938       0  324128     2419    94088    85241    87016        0     8890      803     9685     4807      790     1976    28414
2044    47761   11761   10059  360654    47761    85911    86945    88757        0     7355      664     8013     3977      654     1634    28982
2045    47623   11623       0  349609    35007    87629    88684    90532        0     6002      542     6539     3246      534     1334    29561
2046    47465   11465       0  338889    21937    89382    90458    92342        0     4822      435     5253     2607      429     1071    30153
2047    47307   11307       0  328505     8552    91170    92267    94189        0     3817      345     4158     2064      339      848    30756
2048    47164   11164    5119  365605    47164    87874    94112    96073        0     2972      268     3238     1607      264      660    31371
2049    47062   11062       0  355792    33289    89632    95995    97995        0     2271      205     2474     1228      202      505    31998
2050    46947   10947       0  346262    19183    91424    97915    99954        0     1698      153     1850      918      151      377    32638
2051    46840   10840       0  337009     4864    93253    99873   101954        0     1245      112     1356      673      111      277    33291
2052    46750   10750    9636  374759    46750    85482   101870   103993        0      893       81      973      483       79      198    33957
2053    46705   10705       0  365851    32160    87192   103908   106072        0      621       56      677      336       55      138    34636
2054    46641   10641       0  357156    17441    88935   105986   108194        0      419       38      457      227       37       93    35329
2055    46588   10588       0  348657     2617    90714   108106   110358        0      273       25      298      148       24       61    36035
2056    46543   10543   12297  386888    46543    80232   110268   112565        0      173       16      188       94       15       38    36756
