SSAnalyze-r65-f70.csv
Noga retires at age 65 in 2022
Annual investment income rate 0.0400
Year     Work     SSA     MRD   TaxesExpenses  Liquid  Assets  Wells F  College  Trading  eBay st  eBay 40  Intel s  Intel 4 Securion     TIAA  IRA M A  IRA N A  IRA N ?  Roth M 
2015   100000       0    7599   26920  117520       0  592314     3240   149844    53782    45287    75757     6080     7807   134929    65694     6492     6467    20640    16296
2016   100000       0    7615   26905  117505   33550  587473        0   122288    55933    47098    78787    10323    12120   135205    65828     6751    10726    25466    16948
2017   100000       0    7630   26908  117508   36785  582556        0    90395    58170    48982    81938    14736    16605   135481    65963     7021    15155    30484    17625
2018   100000    6209   11023   29075  150275   62119  548717        0    31892    60497    50941    82106    19326    21269   135758    66098     7036    19761    35704    18331
2019   100000   37255   11420   35772  156972       0  831178   255932    33168    62917    52979    82168    24099    26119   135861    66147     7041    24551    41132    19064
2020   100000   37255   11831   36002  157202       0  814750   212325    34495    65433    55098    82117    29063    31164   135776    66106     7037    29533    46777    19826
2021   100000   37255   12254   36086  157286       0  799154   168886    35875    68051    57302    81944    34225    36411   135490    65967     7022    34715    52648    20619
2022   100000   37255   12691   36174  126174       0  815609   156822    37310    70773    59594    81641    39594    41867   134989    65723     6996    40103    58754    21444
2023        0   37255   13141   11280  101280       0  766969    94970    38802    73604    61978    81199    41178    43542   134258    65367     6958    41707    61104    22302
2024        0   37255   13604   11365   89365       0  730563    45289    40354    76548    64457    80608    42825    45284   133282    64892     6907    43376    63548    23194
2025        0   37255   14015   11443   89443    4237  694434        0    37732    79610    67036    79878    44538    47095   132074    64304     6845    45111    66090    24122
2026        0   37255   14504   11543   89543   88567  658381    39241        0    33468    69717    78981    46319    48979   130591    63582     6768    46915    68734    25087
2027        0   48007   21178   15516   87516       0  628201     5473        0    34806    72506    77928    48172    49079   128850    62734     6678    47011    68874    26090
2028        0   69511   21834   20232   92232   15635  610167        0        0    20563    75406    76711    50099    49116   126838    61755     6573    47046    68926    27134
2029        0   69511   22503   20397   92397   20780  591291        0        0      606    78422    75322    52103    49085   124542    60637     6454    47017    68883    28219
2030        0   69511   23183   20567   92567   21070  571320      630        0        0    61119    73754    54187    48982   121949    59374     6320    46918    68738    29348
2031        0   69511   23872   20740   86740   13464  556181        0        0        0    50100    71999    56355    48801   119046    57961     6170    46745    68484    30522
2032        0   69511   24571   20914   86914   13746  540112        0        0        0    38358    70048    58609    48536   115821    56390     6002    46491    68113    31743
2033        0   69511   25158   21060   87060   13452  523107        0        0        0    26440    67927    60953    48184   112315    54684     5821    46153    67618    33012
2034        0   69511   25702   21197   87197   13180  505149        0        0        0    14317    65634    63391    47747   108523    52837     5624    45735    67005    34333
2035        0   69511   26276   21340   87340   12893  486185        0        0        0     1997    63166    65927    47211   104441    50850     5413    45222    66253    35706
2036        0   69511   26796   21470   87470   14710  466204     2077        0        0        0    47886    68564    46581   100066    48720     5186    44619    65370    37134
2037        0   69511   26202   21323   87323   10851  445639        0        0        0        0    34801    71307    45854    95397    46446     4944    43922    64349    38620
2038        0   69511   25521   21151   87151   13271  424673        0        0        0        0    19747    74159    45024    90510    44067     4691    43127    63184    40164
2039        0   69511   24516   20900   86900   13773  403370        0        0        0        0     4862    77125    44087    85414    41586     4427    42229    61869    41771
2040        0   69511   23351   20609   66809       0  401598     5444        0        0        0     4561    80210    43037    80122    39010     4152    41224    60396    43442
2041        0   69511   23556   20663   66863       0  399441    10996        0        0        0     4249    83419    41871    74647    36344     3869    40107    58759    45180
2042        0   69511   23502   20652   66852       0  397007    16527        0        0        0     3934    86755    40604    69102    33644     3581    38893    56981    46987
2043        0   69511   23400   20629   66829       0  394312    22013        0        0        0     3615    90226    39233    63509    30921     3291    37580    55057    48866
2044        0   69511   23246   20594   66794       0  391372    27427        0        0        0     3296    93835    37757    57895    28188     3000    36166    52986    50821
2045        0   69511   23034   20543   66743       0  388209    32740        0        0        0     2977    97588    36176    52289    25458     2710    34651    50767    52854
2046        0   69511   22759   20477   66677       0  384849    37921        0        0        0     2660   101492    34487    46721    22747     2421    33034    48398    54968
2047        0   64135   22147   19184   65384       0  378368    39710        0        0        0     2353   105551    32721    41338    20126     2142    31342    45918    57166
2048        0   37255   21479   13306   59506       0  356436    25711        0        0        0     2059   109773    30879    36167    17609     1874    29578    43333    59453
2049        0   37255   20755   13118   59318       0  334535    11336        0        0        0     1778   114164    28965    31239    15209     1619    27745    40648    61831
2050        0   37255   19972   12915   59115    4958  312710     1513        0        0        0        0   115286    26986    26581    12942     1378    25849    37871    64305
2051        0   37255   18546   12554   58754   13990  291108        0        0        0        0        0   105907    24981    22328    10871     1157    23929    35057    66877
2052        0   37255   17446   12278   58478   16055  269251        0        0        0        0        0    94088    22960    18482     8999      958    21992    32220    69552
2053        0   37255   16481   12037   58237   16538  247002        0        0        0        0        0    81314    20930    14950     7279      775    20048    29372    72334
2054        0   37255   15323   11747   57947   17117  224442        0        0        0        0        0    67449    18903    11846     5768      614    18107    26528    75227
2055        0   37255   14168   11459   57659   17695  201557        0        0        0        0        0    52453    16890     9161     4460      475    16179    23703    78236
2056        0   37255   12775   11110   57310   18391  178454        0        0        0        0        0    36160    14944     6953     3385      360    14315    20972    81366
