No special after-tax income
SSAnalyze-r62-f70.csv
Noga retires at age 62 in 2019
Annual investment income rate 0.0100
Year      Exp   Taxes Tot Out     SSA     MRD    Work  Liquid  Assets  Wells F  College  Trading  eBay st  eBay 40 Securion     TIAA  IRA M A  Roth M   Intel s  Intel 4  IRA N AIRA N UBS
  -1        0       0       0       0       0       0       0  590631       40      144       52       43       73      135       66        6       16        2        4        2        8
2016    90600   27095  117695       0    7380  101000       0  595682       31      146       53       44       73      131       64        6       16        6        8        6       12
2017    90600   27295  117895       0    7182  102000       0  601817       22      147       53       44       74      128       62        6       16       10       12       11       16
2018   121200   29653  150853    6652    9957  103000    9086  582938        0      139       54       45       72      124       60        6       16       14       16       15       21
2019   121200   36987  158187   39916   10019  104000    4252  591136        0      137       54       45       70      121       59        6       16       19       20       19       25
2020   133200   11002  144202   39916   10080       0   94206  492762        0       44       55       46       68      117       57        6       17       19       21       19       25
2021   133200   11017  144217   39916   10139       0   99342  393388        5        0        0       46       66      113       55        6       17       19       21       20       26
2022    90000   11032  101032   39916   10198       0   45727  336165        0        0        0        1       64      110       53        5       17       19       21       20       26
2023    90000   11046  101046   39916   10255       0   51733  278397        1        0        0        0       11      106       52        5       17       19       21       20       26
2024    78000   10476   88476   39916    7974       0   50112  232614       10        0        0        0        0       62       50        5       17       20       21       20       26
2025    78000    9880   87880   39916    5591       0   31966  186894        0        0        0        0        0       28       48        5       17       20       22       20       27
2026    78000    9489   87489   39916    4028       0   70588  141189       27        0        0        0        0        0        2        5       18       20       22       20       27
2027    72000   11498   83498   50668    2923       0    5148  109555        2        0        0        0        0        0        0        2       18       20       21       20       26
2028    72000   16002   88002   72172    2660       0   12465   94802        2        0        0        0        0        0        0        0        7       20       21       19       25
2029    72000   15982   87982   72172    2583       0   11585   79927        0        0        0        0        0        0        0        0        0       16       20       19       25
2030    72000   15986   87986   72172    2599       0   13216   64912        0        0        0        0        0        0        0        0        0        3       20       18       24
2031    66000   15990   81990   72172    2614       0   10562   55743        3        0        0        0        0        0        0        0        0        0       12       18       23
2032    66000   15914   81914   72172    2310       0    4067   46532        0        0        0        0        0        0        0        0        0        0        7       17       22
2033    66000   15871   81871   72172    2136       0   14510   37298        7        0        0        0        0        0        0        0        0        0        0        9       21
2034    66000   14556   80556   66796    1446       0    5352   23856        0        0        0        0        0        0        0        0        0        0        0        3       21
Gone broke!, short     33676
