Initial investment $608900
Annual investment income rate 0.0400
Start-end years: 2015-2057
Year Expenses   Taxes  Liquid  Assets  Wells F  College  eBay st  Trading  Intel s   Schwab  IRA M A Securion     TIAA  IRA N A    IRA N  Roth M 
2015   118340   31340       0  592057    15679   156000    49920    50960        0    74880     6760   132270    65652     6656    16640    16640
2016   118195   31195    8930  693948   118195   153310    51917    52998        0    77875     7030   127703    63385     6922    17306    17306
2017   118119   31119       0  677976    93434   159442    53993    55118        0    80990     7312   123294    61197     7199    17998    17998
2018   141805   33805       0  642909    53044   165820    56153    57323        0    81156     7327   119037    59084     7214    18035    18718
2019   155576   47576       0  615306    19805   172453    58399    59616        0    81217     7332   114779    56971     7219    18048    19466
2020   118938   14938   54318  666075   118938   125033    60735    62001        0    81166     7328   110521    54857     7215    18037    20245
2021   118965   14965       0  596116    44869   130034    63165    64481        0    80995     7312   106263    52744     7200    17999    21055
2022    98907   14907    9317  645197    98907   125918    65691    67060        0    80696     7285   102006    50631     7173    17932    21897
2023    98914   14914       0  595267    44734   130955    68319    69742        0    80259     7246    97751    48519     7134    17835    22773
2024    92867   14867    3532  644359    92867   132662    71052    72532        0    79675     7193    93499    46408     7082    17706    23684
2025    92859   14859       0  600735    44584   137968    73894    75433        0    78954     7128    89270    44309     7018    17545    24631
2026    92817   14817    3781  650101    92817   139706    76850    78451        0    78067     7048    85046    42213     6939    17348    25617
2027    93969   18969       0  614186    55755   145294    79924    81589        0    74215     6700    80850    40130     6597    16492    26641
2028   100230   25230       0  591114    31215   151106    83120    84852        0    70299     6346    76584    38013     6249    15622    27707
2029   100140   25140       0  568233     6495   157150    86445    88246        0    66330     5988    72260    35866     5896    14740    28815
2030   100038   25038   18428  645617   100038   145008    89903    91776        0    62320     5626    67891    33698     5540    13849    29968
2031    96986   24986       0  625608    78010   150808    93499    95447        0    58280     5261    63491    31514     5180    12951    31166
2032    96864   24864       0  605880    55738   156840    97239    99265        0    54225     4895    59073    29321     4820    12050    32413
2033    96712   24712       0  586513    33163   163114   101129   103236        0    50193     4531    54681    27141     4462    11154    33710
2034    60541   24541       0  603571    46245   169638   105174   107365        0    46211     4172    50343    24988     4108    10269    35058
2035    60387   24387       0  621123    59018   176424   109381   111660        0    42282     3817    46063    22863     3758     9396    36460
2036    60213   24213       0  639239    71445   183481   113756   116126        0    38434     3470    41870    20782     3416     8541    37919
2037    60030   24030       0  657973    83505   190820   118306   120771        0    34681     3131    37781    18753     3083     7707    39435
2038    59818   23818       0  677424    95140   198453   123039   125602        0    31066     2805    33843    16798     2761     6904    41013
2039    59599   23599       0  697647   106339   206391   127960   130626        0    27603     2492    30070    14925     2454     6134    42653
2040    59375   23375       0  718702   117089   214647   133079   135851        0    24304     2194    26477    13142     2160     5401    44360
2041    59146   23146       0  740648   127381   223233   138402   141285        0    21182     1912    23076    11454     1883     4707    46134
2042    58888   22888       0  763599   137156   232162   143938   146936        0    18284     1651    19918     9886     1625     4063    47979
2043    58633   22633       0  787606   146421   241448   149695   152814        0    15612     1409    17008     8442     1388     3469    49898
2044    58382   22382       0  812721   155186   251106   155683   158926        0    13170     1189    14348     7121     1171     2927    51894
2045    58138   22138       0  838997   163462   261151   161910   165284        0    10958      989    11938     5925      974     2435    53970
2046    57902   21902       0  866482   171265   271597   168387   171895        0     8975      810     9778     4853      798     1995    56129
2047    57654   21654       0  895264   178574   282461   175122   178771        0     7245      654     7892     3917      644     1610    58374
2048    55838   19838       0  922204   182251   293759   182127   185922        0     5752      519     6266     3110      511     1278    60709
2049    47691   11691       0  934633   169632   305509   189412   193358        0     4481      405     4881     2423      398      996    63137
2050    47490   11490       0  948441   156612   317730   196989   201093        0     3416      308     3721     1847      304      759    65663
2051    47297   11297       0  963681   143206   330439   204868   209136        0     2554      231     2782     1381      227      568    68289
2052    47131   11131       0  980373   129468   343656   213063   217502        0     1868      169     2035     1010      166      415    71021
2053    46995   10995       0  998526   115458   357403   221586   226202        0     1325      120     1443      716      118      294    73862
2054    46873   10873       0 1018181   101204   371699   230449   235250        0      911       82      993      493       81      203    76816
2055    46772   10772       0 1039367    86748   386567   239667   244660        0      606       55      660      327       54      135    79889
2056    46686   10686       0 1062120    72121   402029   249254   254446        0      391       35      426      211       35       87    83085
