SSAnalyze-r60-f70.csv
Noga retires at age 60 in 2017
Annual investment income rate 0.0500
Year     Work     SSA     MRD   TaxesExpenses  Liquid  Assets  Wells F  College  Trading  eBay st  eBay 40  Intel s  Intel 4 Securion     TIAA  IRA M A  IRA N AIRA N UBS  Roth M 
2015   100000       0    7672   26938  117538       0  605766     3276   151285    54645    45615    76328    10100    11844   136227    66326     6560    10494    16433    16634
2016   101000       0    7762   27192  117792   32939  624233        0   125910    57377    47896    80144    18685    20516   137818    67100     6888    19098    25334    17466
2017   102000       0    7853   27463  118063   35674  644558        0    96532    60246    50291    84151    27779    29702   139427    67884     7233    28213    34761    18339
2018        0    6209   11446    4181  125381       0  853433   188093   101358    63259    52805    85134    29168    31187   141055    68677     7317    29624    36499    19256
2019        0   37255   11973   11004  132204       0  781123    94490   106426    66422    55445    86017    30627    32747   142519    69389     7393    31105    38324    20219
2020        0   37255   12523   11095  132295       0  709510     1067   111747    69743    58218    86790    32158    34384   143800    70013     7460    32660    40240    21230
2021        0   37255   13096   11191  132391   92162  638607        0    25173    73230    61129    87440    33766    36103   144877    70537     7516    34294    42252    22291
2022        0   37255   13693   11340  101340   88163  595112    26431        0    15159    64185    87955    35454    37908   145729    70952     7560    36008    44365    23406
2023        0   37255   14315   11509  101509   50881  547837    15917        0        0    32431    88320    37227    39804   146334    71246     7591    37809    46583    24576
2024        0   37255   14962   11665   89665   33164  510390        0        0        0      888    88520    39088    41794   146666    71408     7608    39699    48912    25805
2025        0   37255   15562   11807   89807   49730  471550      933        0        0        0    39765    41043    43883   146735    71442     7612    41684    51358    27095
2026        0   37255   13736   11351   89351   82791  431635    34014        0        0        0        0        0    46078   146482    71319     7599    43768    53926    28450
2027        0   48007   17646   14630   86630    1525  398331        0        0        0        0        0        0    45091   145919    71045     7570    44279    54555    29872
2028        0   69511   18310   19349   91349   22876  377061        0        0        0        0        0        0    22683   145022    70608     7523    44739    55121    31366
2029        0   69511   18116   19300   91300   45860  354825    22887        0        0        0        0        0        0   120793    69996     7458    45141    55617    32934
2030        0   69511   16456   18897   90897     894  331186        0        0        0        0        0        0        0   118522    69198     7373    45479    56033    34581
2031        0   69511   17046   19033   85033   17508  313191        0        0        0        0        0        0        0    99305    68200     7267    45746    56363    36310
2032        0   69511   16521   18901   84901   17771  294559        0        0        0        0        0        0        0    79772    66990     7138    45936    56597    38126
2033        0   69511   15812   18724   84724   18125  275349        0        0        0        0        0        0        0    59976    65587     6988    46041    56725    40032
2034        0   69511   14961   18511   84511   18551  255605        0        0        0        0        0        0        0    39958    63982     6817    46062    56752    42034
2035        0   69511   13997   18270   84270   19033  235356        0        0        0        0        0        0        0    19792    62168     6624    45983    56654    44135
2036        0   69511   12850   17984   83984   38751  214668    19145        0        0        0        0        0        0        0    40531     6407    45806    56436    46342
2037        0   69511    9848   17243   83243    1943  193508        0        0        0        0        0        0        0        0    37068     6167    45524    56089    48659
2038        0   69511    9943   17257   83257   21060  172181        0        0        0        0        0        0        0        0    14447     5907    45130    55604    51092
2039        0   69511    8164   16812   82812   41343  150676    19394        0        0        0        0        0        0        0        0        0    22666    54969    53647
2040        0   69511    5001   16031   62231       0  148528    15682        0        0        0        0        0        0        0        0        0    22340    54177    56329
2041        0   69511    5183   16075   62275       0  146363    12059        0        0        0        0        0        0        0        0        0    21943    53216    59145
2042        0   69511    5332   16110   62310       0  144193     8506        0        0        0        0        0        0        0        0        0    21484    52101    62103
2043        0   69511    5480   16145   62345       0  142015     5023        0        0        0        0        0        0        0        0        0    20958    50826    65208
2044        0   69511    5625   16180   62380       0  139826     1609        0        0        0        0        0        0        0        0        0    20364    49385    68468
2045        0   69511    5767   16214   62414    1737  137624        0        0        0        0        0        0        0        0        0        0    17961    47771    71892
2046        0   69511    5752   16209   62409    3355  135398        0        0        0        0        0        0        0        0        0        0    13932    45980    75486
