SSAnalyze-r62-f70.csv
Noga retires at age 62 in 2019
Annual investment income rate 0.0300
Year     Work     SSA     MRD   TaxesExpenses  Liquid  Assets  Wells F  College  Trading  eBay st  eBay 40  Intel s  Intel 4 Securion     TIAA  IRA M A  IRA N AIRA N UBS  Roth M 
2015   100000       0    7526   26902  117502       0  578559     3203   148403    53264    44851    75028     6060     7771   133632    65062     6429     6443    12272    16139
2016   100000       0    7469   26869  117469   33659  567488        0   119196    54862    46197    77279    10242    12004   132617    64568     6622    10636    16640    16623
2017   100000       0    7412   26853  117453   36894  556207        0    85879    56508    47583    79598    14549    16364   131611    64078     6821    14956    21139    17122
2018   100000    6209   10605   28971  150171   62327  515961        0    26127    58203    49010    78993    18986    20855   130612    63592     6769    19404    25773    17636
2019   100000   37255   10882   35637  156837       0  792220   255662    26911    59950    50481    78293    23555    25481   129453    63028     6709    23986    30547    18165
2020        0   37255   11164   10836  132036       0  703212   161722    27719    61748    51995    77491    24262    26245   128128    62383     6640    24706    31463    18710
2021        0   37255   11453   10861  132061       0  614114    67832    28550    63600    53555    76585    24990    27032   126629    61653     6563    25447    32407    19271
2022        0   37255   11747   10887  100887       0  556118     5194    29407    65508    55162    75568    25739    27843   124948    60834     6476    26211    33379    19849
2023        0   37255   12046   10931  100931   87644  498050    30289        0    10118    56816    74436    26511    28679   123076    59923     6379    26997    34381    20444
2024        0   37255   12351   11020   89020   30505  449359    10422        0        0    38437    73184    27307    29539   121007    58915     6271    27807    35412    21058
2025        0   37255   12602   11072   89072   79436  399658    39590        0        0        0    31979    28126    30425   118758    57820     6155    28641    36474    21690
2026        0   37255   10894   10660   88660   11501  348474        0        0        0        0    19814    28970    31338   116295    56621     6027    29500    37569    22340
2027        0   48007   14198   13751   85751   49201  307434    11904        0        0        0        0        0    31100   113641    55329     5890    29276    37283    23010
2028        0   69511   13427   18134   90134   13402  277567        0        0        0        0        0        0    17423   110791    53942     5742    29017    36953    23701
2029        0   69511   13165   18062   90062   42693  247280    17244        0        0        0        0        0        0    82290    52456     5584    28720    36575    24412
2030        0   69511   11175   17574   89574    9182  216580        0        0        0        0        0        0        0    70621    50870     5415    28384    36147    25144
2031        0   69511   10812   17474   83474   20625  191640        0        0        0        0        0        0        0    47651    49182     5235    28007    35667    25898
2032        0   69511    9646   17183   83183   21208  166535        0        0        0        0        0        0        0    24706    47389     5044    27587    35132    26675
2033        0   69511    8305   16847   82847   21879  141347        0        0        0        0        0        0        0     1850    45512     4845    27123    34542    27476
2034        0   69511    6810   16474   82474   24396  116152     1770        0        0        0        0        0        0        0    20927     4636    26619    33900    28300
2035        0   69511    5036   16031   82031   24365   91036     2623        0        0        0        0        0        0        0        0        0    26067    33197    29149
2036        0   69511    3130   15555   81555   21840   66094        0        0        0        0        0        0        0        0        0        0     3632    32439    30023
2037        0   69511    1987   15268   81268   28579   41053     3541        0        0        0        0        0        0        0        0        0        0     6588    30924
2038        0   69511     379   14868   80868   28703   15961     6406        0        0        0        0        0        0        0        0        0        0        0     9555
Gone broke!, short     19619
