SSAnalyze-r65-f70.csv
Noga retires at age 65 in 2022
Annual investment income rate 0.0300
Year     Work     SSA     MRD   TaxesExpenses  Liquid  Assets  Wells F  College  Trading  eBay st  eBay 40  Intel s  Intel 4 Securion     TIAA  IRA M A  IRA N AIRA N UBS  Roth M 
2015   100000       0    7526   26902  117502       0  578559     3203   148403    53264    44851    75028     6060     7771   133632    65062     6429     6443    12272    16139
2016   100000       0    7469   26869  117469   33659  567488        0   119196    54862    46197    77279    10242    12004   132617    64568     6622    10636    16640    16623
2017   100000       0    7412   26853  117453   36894  556207        0    85879    56508    47583    79598    14549    16364   131611    64078     6821    14956    21139    17122
2018   100000    6209   10605   28971  150171   62327  515961        0    26127    58203    49010    78993    18986    20855   130612    63592     6769    19404    25773    17636
2019   100000   37255   10882   35637  156837       0  792220   255662    26911    59950    50481    78293    23555    25481   129453    63028     6709    23986    30547    18165
2020   100000   37255   11164   35836  157036       0  769212   211722    27719    61748    51995    77491    28262    30245   128128    62383     6640    28706    35463    18710
2021   100000   37255   11453   35886  157086       0  746644   167882    28550    63600    53555    76585    33110    35152   126629    61653     6563    33567    40527    19271
2022   100000   37255   11747   35937  125937       0  755723   155345    29407    65508    55162    75568    38103    40207   124948    60834     6476    38574    45743    19849
2023        0   37255   12046   11006  101006       0  699288    92945    30289    67474    56816    74436    39246    41413   123076    59923     6379    39731    47115    20444
2024        0   37255   12351   11051   89051       0  654817    42635    31198    69498    58521    73184    40423    42656   121007    58915     6271    40923    48529    21058
2025        0   37255   12602   11088   89088    7600  610346        0    24534    71583    60276    71824    41636    43935   118758    57820     6155    42151    49984    21690
2026        0   37255   12916   11146   89146   75390  565620    25270        0    23610    62085    70335    42885    45253   116295    56621     6027    43416    51484    22340
2027        0   48007   18435   14823   86823    9883  528242        0        0    14435    63947    68729    44172    44910   113641    55329     5890    43086    51093    23010
2028        0   69511   18823   19477   91477   37488  502647    14868        0        0    43246    67006    45497    44512   110791    53942     5742    42704    50640    23701
2029        0   69511   19212   19581   91581    7543  475658        0        0        0    37001    65160    46862    44056   107739    52456     5584    42267    50122    24412
2030        0   69511   19600   19671   91671   22231  448096        0        0        0    15880    63190    48268    43541   104482    50870     5415    41772    49535    25144
2031        0   69511   19988   19768   85768   16037  425514        0        0        0      319    61093    49716    42962   101014    49182     5235    41218    48878    25898
2032        0   69511   20373   19864   85864   16173  402062      328        0        0        0    43021    51207    42319    97332    47389     5044    40600    48145    26675
2033        0   69511   19553   19660   85660   15926  378307        0        0        0        0    25392    52743    41607    93478    45512     4845    39917    47336    27476
2034        0   69511   18623   19427   85427   16720  354313        0        0        0        0     7579    54326    40834    89454    43553     4636    39176    46456    28300
2035        0   69511   17579   19166   85166   24465  330122     7224        0        0        0        0    38714    39987    85262    41512     4419    38363    45493    29149
2036        0   69511   17181   19070   85070   10209  305194        0        0        0        0        0    29666    39075    80905    39391     4193    37488    44454    30023
2037        0   69511   17351   19109   85109   17356  279643        0        0        0        0        0    13200    38095    76387    37191     3959    36547    43339    30924
2038        0   69511   17409   19123   85123   30923  253297    13596        0        0        0        0        0    19718    71777    34947     3720    35541    42146    31852
2039        0   69511   16400   18878   84878    4221  226271        0        0        0        0        0        0    14901    67085    32662     3477    34466    40872    32807
2040        0   69511   16126   18803   65003       0  218765     1832        0        0        0        0        0    14406    62324    30344     3230    33322    39515    33792
2041        0   69511   16086   18794   64994       0  211000     3646        0        0        0        0        0    13881    57506    27999     2980    32108    38075    34805
2042        0   69511   15866   18739   64939       0  203060     5351        0        0        0        0        0    13332    52723    25669     2732    30836    36567    35850
2043        0   69511   15614   18677   64877       0  194959     6932        0        0        0        0        0    12758    47990    23365     2487    29509    34993    36925
2044        0   69511   15328   18607   64807       0  186711     8372        0        0        0        0        0    12160    43327    21095     2245    28126    33353    38033
2045        0   69511   15007   18527   64727       0  178335     9653        0        0        0        0        0    11538    38755    18869     2009    26689    31649    39174
2046        0   69511   14649   18438   64638       0  169849    10756        0        0        0        0        0    10894    34295    16698     1777    25199    29881    40349
2047        0   64135   14073   17152   63352       0  158274     8481        0        0        0        0        0    10237    30052    14632     1557    23678    28078    41559
2048        0   37255   13472   11289   57489    9553  131262        0        0        0        0        0        0       15    26040    12678     1350    22130    26243    42806
2049        0   37255   11881   10887   57087   18851  104481       14        0        0        0        0        0        0     3438    10845     1154    20559    24380    44090
2050        0   37255    7713    9845   56045   31980   78980    11071        0        0        0        0        0        0        0        0        0        0    22496    45413
2051        0   37255    2546    8559   54759   12423   54977        0        0        0        0        0        0        0        0        0        0        0     8201    46776
2052        0   37255     982    8162   54362   31752   31357     7465        0        0        0        0        0        0        0        0        0        0        0    23892
2053        0   37255       0    7920   54120   17306    7302        0        0        0        0        0        0        0        0        0        0        0        0     7302
Gone broke!, short     24778
